0 0.8674142875661606 0.16811617588323263 0.017456755437207504 0.025972154002227167
0 0.41285936912427257 0.5603075072804116 0.02791675296574958 0.01438067333704538
0 0.5990409723568522 0.25721722792014 0.015639587452429993 0.019703972668681756
0 0.9516247332684482 0.7002014225414148 0.02078734387822081 0.05021817600254543
0 0.9554501398473381 0.2569781338717786 0.015272172927693362 0.029851132001908986
0 0.5407894150562091 0.3813910719287305 0.010712006920082118 0.03292158800127272
0 0.8880716388587551 0.25307243121423273 0.01598975593149916 0.028297722668681757
0 0.4077514219762913 0.4157671666136388 0.028825336958138336 0.017514764003817972
0 0.9048359634967845 0.6069514092139146 0.015431340418179219 0.03375738200190899
0 0.6600023300752371 0.37218769991250406 0.01012175790866543 0.037599997334499945
0 0.928079803914964 0.6402906205442784 0.015127592889637498 0.04546704133513622
0 0.30060606132933787 0.6827648572963199 0.01630809091247105 0.03611022266868176
0 0.786481258440138 0.42621103389564113 0.010966674904859808 0.03917158800127254
0 0.513984175930624 0.43328992659932125 0.01477742441056833 0.03687329133513621
0 0.9136539120904595 0.36298323321136927 0.011493256920082118 0.0329306786680454
0 0.32553175996019384 0.8341091812937746 0.01602158942959626 0.029078972668681757
0 0.6947938241437381 0.3436445292409588 0.01033000494291585 0.02354658800127272
0 0.9200060938782204 0.03931846654205119 0.00811358893530496 0.026644316000954495
0 0.02987843136783147 0.4647164806651819 0.02295733893530465 0.02681703866963616
1 0.2982768987817678 0.7023324699634108 0.013981586958138337 0.017342041335136216
0 0.9187632233454354 0.2581866452100966 0.013183090912470875 0.03607386000159085
0 0.8775572445999735 0.3594951538829145 0.007332338935304605 0.026635225334181813
0 0.8933095785923623 0.36243834054746005 0.008368256920082473 0.03289431600095458