0 0.3447936058359236 0.62109375 0.03447457654882306 0.10625
0 0.13822818181891988 0.3140625 0.028306463703952865 0.1078125
0 0.88830683118698 0.84921875 0.053313107756487454 0.078125
0 0.7012604483272632 0.30390625 0.025590899479601602 0.115625
0 0.19403444651824095 0.35234375 0.031844221505869005 0.10078125
0 0.6393746019907364 0.2921875 0.029909907281517788 0.10859375
0 0.03265437471911621 0.76328125 0.03607469810012065 0.121875
1 0.34085305631089347 0.6515625 0.016270131162236013 0.05703125
1 0.027321743556880267 0.8203125 0.020589138964152064 0.05
1 0.64514324513876 0.34609375 0.01704805913596861 0.071875
1 0.6980668492772029 0.36484375 0.013066566033373661 0.040625
1 0.6470156886047832 0.99609375 0.03009693577564878 0.0078125