0 0.240625 0.36953125 0.02421875 0.06796875
0 0.1703125 0.59921875 0.03984375 0.07890625
0 0.3390625 0.8296875 0.01640625 0.05625
0 0.2875 0.3390625 0.0203125 0.05
0 0.49296875 0.06640625 0.05078125 0.04296875
0 0.2859375 0.97265625 0.02734375 0.053125
0 0.32734375 0.28515625 0.01953125 0.090625
1 0.3546875 0.71796875 0.0171875 0.05703125
0 0.359375 0.26015625 0.0140625 0.071875
1 0.2015625 0.59453125 0.01640625 0.05625
1 0.50234375 0.07890625 0.0265625 0.02109375
1 0.365625 0.26171875 0.00625 0.03203125
0 0.35078125 0.76796875 0.0234375 0.07734375
0 0.3421875 0.7359375 0.015625 0.0734375