0 0.7525463093631112 0.35390625 0.029548059135968606 0.071875
0 0.8147719131628699 0.59765625 0.04656846279944169 0.08359375
0 0.6230912669626286 0.84140625 0.020299211894930558 0.059375
0 0.705047189620836 0.32109375 0.024659163274411533 0.053125
0 0.5022275633198401 0.03203125 0.05628097749876275 0.0453125
0 0.671930479423386 0.9828125 0.030707767412854636 0.034375
0 0.665067320783072 0.2640625 0.02534856004047974 0.09609375
1 0.612867497174925 0.7234375 0.021943599050060315 0.0609375
0 0.6328656524202778 0.2375 0.018856220601357877 0.0765625
1 0.7822050746282592 0.59296875 0.020340155472495524 0.06015625
1 0.49137527250123725 0.0453125 0.029312363749381377 0.02265625
1 0.6257115716875831 0.23984375 0.008832767412854636 0.034375
0 0.6140305274780782 0.77578125 0.028517825644311934 0.08203125
0 0.6243848513133679 0.7421875 0.021240914178922665 0.07734375