0 0.3137507626334374 0.16058065022746146 0.04482349715020835 0.08143834239534575
0 0.5317467352792703 0.6386578651699398 0.03426785685760425 0.09739892342198501
0 0.40115919044510406 0.2016778355124446 0.055415505033993104 0.06704026136870649
0 0.8138436412425346 0.07617108851537516 0.02618259992375016 0.08536183844101305
0 0.1228561656563881 0.9371391971479813 0.027254790653194538 0.09789367193911006
0 0.8919055981207983 0.5188307738003584 0.02358492999586801 0.1078907544486242
0 0.8601919643807985 0.0671117649031097 0.023366071238402952 0.06495383794672147
1 0.38028299278180533 0.2250689145619175 0.029070557370694416 0.04177100593149898
1 0.8602283319719792 0.06554926490310972 0.019168880508958354 0.0522946704562355
1 0.8768975407501036 0.5588827708346088 0.018769490216354257 0.06866908695813834
1 0.533671604770312 0.6903476991623286 0.023383601823611145 0.03217317144481875
1 0.30186770526274287 0.20075998125410072 0.01985921153100696 0.04842025395433271