0 0.7871980325664609 0.8748344923036466 0.042948817842395924 0.08995350598392378
0 0.6611068391004375 0.22110681420763942 0.029954172885349982 0.09511313145888885
0 0.5791143741532894 0.5766651767648269 0.031107237109701202 0.0873369990500695
0 0.6135558146786364 0.8747039396826046 0.030322665083433974 0.10214438145888885
0 0.622828911126705 0.23507774201930606 0.026504946291098362 0.07396483007211803
0 0.5609608384230691 0.6693248022397922 0.02905673620519007 0.06310006525447917
0 0.7057477159672605 0.7125871058107645 0.03559334124814413 0.06871428561920148
0 0.3789727747645447 0.8582931172099307 0.024154552238563644 0.10356141109416654
1 0.5593407847141674 0.5957600156706603 0.020998574739800803 0.05823072729857657
1 0.7633920403683769 0.881320228435938 0.017586969696846744 0.05268924211621524
0 0.3943421472203534 0.8187584917349657 0.01815685775648763 0.07845230832062491
0 0.7011520692011922 0.7555013044239937 0.03012459124814413 0.06858699905006951
0 0.5721716553609537 0.604662890195695 0.026999591248144127 0.06851426386770836
1 0.586915744572933 0.15915036844420188 0.01935750961093845 0.04180629350298615
1 0.6151801854369644 0.23177090406340328 0.010640928878243727 0.03926252175149312
0 0.577540744572933 0.15893216289711853 0.04077216417892267 0.07819838839274311