0 0.5582937821056195 0.97578125 0.05928571996293321 0.0421875
0 0.705553084753723 0.06953125 0.035605172502670965 0.10234375
0 0.8095065302067029 0.6078125 0.029990089563046496 0.07578125
0 0.8753770337500819 0.36875 0.029863603991016775 0.09453125
0 0.7127754070632105 0.81328125 0.021269853991016774 0.09453125
0 0.7383036528020412 0.6046875 0.017217271051392303 0.06796875
0 0.6519841737686154 0.34765625 0.024776799907332857 0.10546875
0 0.6755755074260301 0.821875 0.01935268992586625 0.084375
1 0.6555332705032381 0.2703125 0.025029771051392303 0.06796875
0 0.42592758293962457 0.0265625 0.02060516587924912 0.053125
1 0.8381126467267734 0.353125 0.01794395734906118 0.06640625
1 0.6667014381965857 0.36640625 0.019298126223535307 0.0828125
1 0.6710244166818573 0.82578125 0.010094251814098598 0.04296875
1 0.555540804338138 0.9640625 0.029479168874474125 0.01640625