0 0.7473092619962213 0.5629524198875819 0.028983332712657628 0.0698005054372075
0 0.6671424964853433 0.10771577464021727 0.033782148676092305 0.10586533942959626
0 0.4761361594339686 0.9607664732710731 0.05870506596343468 0.038261345361095066
0 0.8211428300265705 0.33381140654170893 0.03761562406898662 0.1044620069200822
0 0.627688004966908 0.8376261091268976 0.02099105024766885 0.09910600346004124
0 0.6793597826743858 0.5485662677201351 0.017337357319763668 0.07088550296574958
1 0.7840259737402644 0.3103712479484716 0.024567660462916762 0.058703837946721474
0 0.5886982795740139 0.8376552840317574 0.021934966087269102 0.08588842045623543
0 0.38824055459089524 0.05592837658785713 0.028187120140045076 0.11185675317571427
1 0.47568239516594496 0.9537670567691704 0.027326633374611477 0.017488588935304604
0 0.6139981100103599 0.41165119954507706 0.020408853390822303 0.08660600346004106
0 0.5986342832935583 0.30622887049560416 0.02458693114108108 0.07585950444862437
0 0.40233728784167216 0.08419599749136102 0.021299265301481008 0.08898158695813829
0 0.5984651552956303 0.3935697030051182 0.016992754962398847 0.08022866946765239
1 0.5859822719210188 0.41045345547657613 0.013739322373575646 0.06060191897336083
1 0.5829020438420374 0.8449093685184378 0.00881422787409356 0.03856775148287461