0 0.1111007688393745 0.44063915641946655 0.025871526237772093 0.0821539698475748
0 0.23051383759404437 0.7922339935570923 0.021328239406069115 0.0711937439498758
0 0.1617730009176332 0.9654437136992549 0.027532736775233203 0.06911257260149029
0 0.33068668479379926 0.6154129392041703 0.02434682359281872 0.09620283430895533
1 0.3214636032378856 0.6395862374087723 0.020182968359381805 0.06493919877033605
1 0.2595411849349736 0.7634868248409857 0.022943947312694314 0.058707379488495096
0 0.2396382086124969 0.7563374001729507 0.019219707836038057 0.061809653590796286
1 0.25003738231825506 0.7790618278660477 0.017710415742663254 0.04930510841125635
1 0.16853123513261764 0.9708402617074651 0.010686871018452537 0.03598749697493773
0 0.11247095093175064 0.9801545171977153 0.020334886803468066 0.03969096560456933
1 0.10264092462339139 0.9879545179539809 0.009268584186749607 0.024090964092038192
0 0.13415623513261765 0.9700448552879983 0.0316742052052021 0.05991028942400334