0 0.4233003018998794 0.1343776293212373 0.052129066033373486 0.04207985141192579
0 0.099999004976841 0.7344923234361073 0.04344346279944174 0.08473035266556703
0 0.25353236149013314 0.9103143405248663 0.033447665083433886 0.10238085391920819
0 0.21965748699815957 0.5713140250063177 0.02650826831736568 0.05927571159934022
0 0.3068365824301753 0.6098429790838105 0.02896820499752568 0.09132969365265158
0 0.2907943391004376 0.21424332257817746 0.023745116462914863 0.09585806927947216
0 0.5165369725259812 0.9598504234788372 0.02534856004047974 0.0802991530423256
0 0.3168523123037873 0.7173288701500373 0.018446784825709096 0.06918190901291546
0 0.3280077340574835 0.2208032111371218 0.020664382066747145 0.08172737311953818
1 0.3315942429910534 0.6301243868430847 0.014912349050060314 0.06127848079967002
0 0.4983125949817898 0.9276084552646271 0.02255443068726599 0.08802283722616089
0 0.16965084294562485 0.5401262094877692 0.022762470601357877 0.07710806927947225
1 0.33516181479017815 0.21866404961692387 0.00977779172311406 0.03772732053311341
1 0.4179986482364062 0.14595998700136925 0.026559177973732594 0.015593907759274207
0 0.3232461544564426 0.6251868342566599 0.023090019221876902 0.08335806927947224
1 0.13384838252103232 0.775381747888429 0.021943599050060315 0.06148306927947207