0 0.7269023944493387 0.8496776351413267 0.030590290288686005 0.09344603693163123
0 0.8696081502701525 0.12917204057848836 0.03816717731199439 0.10919376785690749
0 0.643258992913242 0.4890616891190863 0.030481162884024117 0.09032103693163088
0 0.6935020072563942 0.1838753571381496 0.02523066769334754 0.09647557954530477
0 0.6525770062449038 0.9124037317327602 0.03012649881887377 0.08016478693163123
0 0.7738194790334257 0.2703816473161914 0.029990089563046496 0.07625853693163095
0 0.6872669755748648 0.8325895466675682 0.023740089563046497 0.07614944277582936
0 0.45265131796350017 0.2179292086008469 0.021897336567821668 0.11281364569792887
1 0.8534102313956785 0.11249305518898493 0.017889393646730412 0.06511648538950343
1 0.6223735740387679 0.4723008831127319 0.02009673439090349 0.06125114569792896
0 0.6184921166897065 0.4058673595737816 0.030334829944399642 0.0637721737011061
1 0.6802357255748648 0.8324668157422919 0.01132936960011328 0.03377102800317715
1 0.6651042880960693 0.9134031700443629 0.014508933302444228 0.03538807508107773
0 0.6354911329317753 0.4678452081938098 0.029181557711881113 0.07546365016215581
0 0.7689757224100038 0.22110835023829073 0.033459829944399645 0.06382672077900686
1 0.4696131286706061 0.2564831939903503 0.01620040807470069 0.08382557508107791