0 0.10390625 0.89140625 0.03125 0.1109375
0 0.27265625 0.84140625 0.03671875 0.0796875
0 0.36171875 0.34921875 0.02109375 0.065625
0 0.290625 0.078125 0.0265625 0.08125
0 0.40859375 0.3859375 0.01796875 0.0546875
0 0.26953125 0.62109375 0.0171875 0.08671875
0 0.49453125 0.54453125 0.01640625 0.0859375
0 0.48046875 0.50703125 0.01328125 0.071875
1 0.39296875 0.35546875 0.01796875 0.0484375
0 0.32265625 0.08984375 0.0234375 0.075
1 0.26640625 0.5984375 0.01015625 0.04609375
0 0.06171875 0.01875 0.01640625 0.03671875
0 0.2859375 0.8578125 0.025 0.06328125
1 0.328125 0.08125 0.00625 0.03671875
0 0.3109375 0.025 0.0171875 0.05
0 0.384375 0.34921875 0.025 0.06484375
1 0.1078125 0.91171875 0.0171875 0.0640625