0 0.1671875 0.76328125 0.04140625 0.06796875
0 0.328125 0.834375 0.02578125 0.09296875
0 0.36640625 0.55390625 0.028125 0.084375
0 0.31640625 0.2 0.021875 0.0859375
0 0.24609375 0.63828125 0.01953125 0.06171875
0 0.415625 0.14140625 0.03984375 0.065625
0 0.353125 0.2125 0.0203125 0.0765625
1 0.38515625 0.571875 0.01640625 0.0546875
0 0.3765625 0.64453125 0.02265625 0.06171875
0 0.5546875 0.8390625 0.0171875 0.10703125
1 0.18984375 0.7859375 0.01328125 0.0484375
1 0.35859375 0.2140625 0.00625 0.0390625
1 0.40625 0.15078125 0.0171875 0.0359375
0 0.37421875 0.57421875 0.0234375 0.075
0 0.23671875 0.59375 0.034375 0.04765625
1 0.3296875 0.79609375 0.01484375 0.03828125
0 0.5390625 0.8046875 0.015625 0.08125