0 0.7385982208739774 0.24432178084914158 0.024022431824942105 0.07224319277582954
0 0.8673877016337865 0.5461961521973413 0.024164353269760852 0.09488580600635448
0 0.6245542614058875 0.43863661688726807 0.02003526878308044 0.08934887215897849
0 0.7766407544486242 0.014435597303748254 0.027500258897248563 0.028871194607496507
0 0.8061372534600413 0.009506044645563986 0.031024506920082472 0.019012089291127972
0 0.8770862841804817 0.9377114963531425 0.02618976828878843 0.08711421631477982
0 0.7011128083264073 0.2645212325534249 0.017390429847775658 0.0627590986200282
0 0.7187950568435325 0.25717633685549596 0.019366765323039204 0.07294262215897848
0 0.6348086704934165 0.40249456534514055 0.01711851581733086 0.07524546185055314
1 0.7707263354752636 0.003268692880060328 0.007827087452429816 0.006537385760120656
1 0.7124004768054764 0.27292406778077255 0.015318593878220455 0.05023182508107791
0 0.8614931176785788 0.9387654817426461 0.02808784931542796 0.07621762662320535