0 0.7945435430819103 0.8239055929639993 0.04492407564431193 0.08368659190105418
0 0.5863801560383223 0.16481845855386876 0.03896400271353358 0.07408875741437382
0 0.6342301628241855 0.8502558928502687 0.029131979307785015 0.0947368384410133
0 0.6021357943251059 0.566314632964437 0.031728034825709094 0.06989600593149917
0 0.6771003312985215 0.22645097832553227 0.026501624264830957 0.08917258794672148
0 0.7249757507929695 0.6574409931542798 0.0397485747398008 0.059308674410568155
0 0.6388224033247889 0.23976672041686684 0.023339002713533574 0.0734520874524299
0 0.4060642192466208 0.8417417614058875 0.02469014077317446 0.09923333745242999
1 0.5852824869981597 0.5891154630024931 0.018368219696846565 0.05298041996194378
1 0.5968263331075437 0.1746391275272295 0.01837154172311415 0.0381685034600411
1 0.6319139840574836 0.2371364689339921 0.008955598145549182 0.03700525148287479
0 0.596097156265465 0.5919048819758539 0.02634117198083885 0.07123567144481875
0 0.5870663150173208 0.6596507974891734 0.02556324400710608 0.05639192144481875
0 0.7212022976044662 0.6995648261580855 0.017419873360319825 0.06463550296574957
0 0.42287326096973477 0.8048465978697342 0.021077139868663154 0.07491908695813834
0 0.7733302843754831 0.8402654220134724 0.015447937584671046 0.05675933596955503