0 0.16796875 0.78515625 0.040625 0.08125
0 0.4078125 0.13984375 0.03515625 0.071875
0 0.325 0.81796875 0.02421875 0.09375
0 0.371875 0.5375 0.028125 0.06875
0 0.31484375 0.19765625 0.021875 0.08828125
0 0.2453125 0.6234375 0.03671875 0.0578125
0 0.35234375 0.21171875 0.01953125 0.071875
0 0.55234375 0.81875 0.01953125 0.0984375
1 0.3875 0.5609375 0.015625 0.05234375
1 0.39765625 0.14921875 0.01640625 0.0375
1 0.35859375 0.21015625 0.00703125 0.0359375
0 0.3765625 0.56328125 0.021875 0.0703125
0 0.38125 0.63125 0.02265625 0.05546875
0 0.246875 0.66484375 0.0140625 0.0640625
0 0.5375 0.78125 0.0171875 0.07421875
0 0.1875 0.80234375 0.0125 0.05625