0 0.7690300965709058 0.7180126509795253 0.03325560980096291 0.1106471737011061
0 0.8212691085626179 0.36738535958366747 0.03549019789030439 0.10834433400953163
0 0.7038612464853433 0.12276042654707049 0.06708264619489306 0.06596196509696392
0 0.886787100704735 0.3350171444867035 0.03053087014004525 0.11918637662320544
0 0.3778552105056979 0.23383388880136535 0.025042849461880755 0.1019170560063544
0 0.577990105252849 0.11012583320204801 0.028349785979645326 0.1058778530842551
0 0.8532145438420375 0.8547120357204054 0.02153470574818712 0.07687614569792914
0 0.4165174501666158 0.24174580032760687 0.023788564515692556 0.09174716923687924
1 0.7787903943373754 0.6592961700542487 0.017990174730940466 0.05105398538950343
1 0.6885979654680967 0.14878713839762353 0.0337414532669877 0.037277857548481966
1 0.5749421879655067 0.04148492735784938 0.0154281009096227 0.04632557508107789