0 0.06171875 0.903125 0.0296875 0.10546875
0 0.3546875 0.328125 0.0234375 0.065625
0 0.3328125 0.32421875 0.0234375 0.0671875
0 0.45625 0.51171875 0.0171875 0.0890625
0 0.259375 0.065625 0.03046875 0.06796875
0 0.24921875 0.87890625 0.02578125 0.06953125
0 0.28828125 0.07109375 0.021875 0.0703125
1 0.01953125 0.0234375 0.01875 0.04609375
0 0.23359375 0.6015625 0.01796875 0.0859375
1 0.22890625 0.5765625 0.00859375 0.03515625
0 0.3765625 0.35 0.0140625 0.06171875
0 0.44609375 0.4765625 0.01484375 0.06796875
0 0.27265625 0.01875 0.0203125 0.0375
1 0.29609375 0.065625 0.0125 0.03125
1 0.36171875 0.33828125 0.01484375 0.05
0 0.23515625 0.865625 0.01953125 0.0796875
1 0.0609375 0.9265625 0.025 0.06640625