0 0.1546431501569702 0.5714469685684685 0.018620525214770645 0.02814427067816432
0 0.09400662256735033 0.6933176604629168 0.03375420228399215 0.01949701674922295
0 0.6206177894598065 0.8674788300220613 0.03453545228399211 0.01953340405277615
0 0.15721262946475528 0.6650878066578099 0.01582307383528967 0.03424872146395277
0 0.5291329743309441 0.8468516528099215 0.013724985300678939 0.03882705955329371
0 0.5001548032546165 0.799520734489122 0.0116711623699004 0.029379284946188022
0 0.34449462347186144 0.729143960296301 0.008628049525030157 0.030796235731976297
0 0.38901922941932676 0.7608327619917121 0.012039654567984216 0.036410534946188025
0 0.10931628278954415 0.4500963533908221 0.007723968792335523 0.028416098428423454
0 0.1256970358417619 0.7477889906943751 0.012657130257724792 0.033321922249740864
0 0.23437383649844584 0.3826627584770554 0.008300500904511132 0.024546235731976385
0 0.1518755127746978 0.992231397539064 0.012742339439121864 0.015537204921871961
0 0.4297427267057933 0.6902505882942289 0.010521420171816587 0.022311647642635178
0 0.2633065784693871 0.8157663569054788 0.012530977498762752 0.04578553494618802
0 0.12362220149102265 0.6487157899085868 0.011504066033373572 0.04106164764263518
0 0.14539206015202139 0.7518236732831983 0.013274605947465278 0.030233309553294063
0 0.15965927803984575 0.756384894747151 0.01483710594746528 0.03030608416039975
0 0.05008063941437798 0.9258540246071059 0.005295009610938428 0.041551799214211725