0 0.9122148017214313 0.2012660544005084 0.052772825135076216 0.05998892100433508
0 0.6565773822139851 0.047597209902176606 0.06315476442797027 0.02239021046687395
0 0.3807267326616229 0.3644459917545564 0.03000001324684387 0.09998458944842144
0 0.22978182467174008 0.5965697050640278 0.027519853991016772 0.09594183155591374
0 0.7107342135091471 0.6830565677664495 0.024104677311994394 0.10977681840173403
0 0.17861119427185349 0.6271147787980208 0.02369544954451306 0.09805806840173403
0 0.0762698672378607 0.1970184841443973 0.03224455952597962 0.11960684471009327
0 0.6516320320208016 0.6874108678229193 0.023132454353836353 0.10426256577089817
1 0.37801839491267486 0.33154248649288454 0.016671634028083648 0.05320829998588259
1 0.6573810350160263 0.6511016415004425 0.016190484390903315 0.06175654735504672
1 0.7078522609694092 0.6228548151356137 0.014727188111767653 0.04217979472421085
1 0.6537797644279703 0.05679019937883291 0.028779764427970277 0.020388094710093285