0 0.804557773316734 0.4961871757243744 0.04333236436318479 0.06350010875746541
0 0.7726482014026146 0.24924009375239517 0.026113048106406113 0.057631315254479176
0 0.6647498638722054 0.3712988913394439 0.02005394564707803 0.09029834488975697
0 0.636397604895215 0.33289100798069393 0.017655653492600364 0.08086879350298606
0 0.43758635841125637 0.00987957380385399 0.0220477168225127 0.01975914760770798
0 0.7150201129884426 0.9538016136040272 0.016751683645025394 0.0597568597073959
0 0.7938237646343311 0.2628116312714577 0.026140319183644855 0.062318815254479173
1 0.7880833456236369 0.48485028543177017 0.020444310206654492 0.02312902868534721
0 0.6971422665792388 0.9698448409026035 0.014221581283893236 0.027671058320625264
1 0.7039462576022484 0.9306186867422911 0.012095999901804077 0.06511650693385426
1 0.4383812439498758 0.01064264000826371 0.020476126463433175 0.02128528001652742