0 0.1032086412558508 0.5149023164531703 0.05034750988583174 0.04715680113146803
0 0.11497783490660987 0.7819580062465159 0.042503176387734556 0.04633009933607006
0 0.23889406224355897 0.09858644916311946 0.02247451927737192 0.09151533430895542
0 0.25044710270110704 0.6968148709042883 0.02351043726214943 0.09776987948849528
0 0.2792286773019556 0.7380438589022357 0.020625517794497127 0.08447499394987582
0 0.25816532707230655 0.028965952748055347 0.0250755958553869 0.05793190549611069
0 0.14854241000175009 0.8208159731672244 0.035535593383928935 0.04785169272021186
1 0.271639011788636 0.7326205606976337 0.01405984140676253 0.038353972872636886
1 0.12710905627487884 0.5225739158874363 0.02123567144481866 0.02277442466803503
1 0.24921213832728234 0.1328932714700223 0.01917576433445607 0.06806419877033595
0 0.25057832015222437 0.061027361829101935 0.02290560079830275 0.08292612948849523