0 0.45835670744694446 0.03573157954860005 0.055542138392743114 0.0376733238632619
0 0.10518423527927032 0.614319824270299 0.04275250408406257 0.09211536201270895
0 0.1888007415475344 0.377018647322782 0.02125871058107647 0.07455966923687925
0 0.22734299069451308 0.9690737337679456 0.03561149810013893 0.05372501785690744
0 0.2433252405976039 0.34951521022899523 0.02483765226045147 0.06056535308425506
1 0.13643423527927032 0.6137743534912922 0.024238240216354213 0.06836421631477982
0 0.2842138525861104 0.807208933443634 0.013264372625173682 0.06661080154212762
0 0.28148116365961784 0.25357541883313744 0.021731489266423765 0.09487216923687924
0 0.31714655993614566 0.2310867642067548 0.018188261967847286 0.07684887215897858
1 0.3030203636040272 0.7037975612846555 0.014645034669270895 0.05882557508107773
1 0.4658055315351389 0.051220211853848355 0.029415396276527873 0.022379560470581296
1 0.323287457162604 0.23566517005095342 0.008776241166284749 0.04154261769475172
0 0.30349183586861045 0.7506452877457052 0.02765418094579868 0.08091876339268059
0 0.2916464525098605 0.7227384760573079 0.017334276785486137 0.07371023538950325