0 0.39739152597868277 0.15238591927913886 0.028489174013362994 0.0987556733370453
0 0.3981667552116874 0.8913393312778662 0.05616873134149962 0.060801687340863
0 0.5806894485598686 0.7798552965865946 0.026145424013363082 0.09872840133672707
0 0.34342799526577583 0.4935927219525931 0.019132355346908447 0.10020908533577248
0 0.2861422065961396 0.5161313406270018 0.020749399347544807 0.10491476666931802
0 0.06193835387496029 0.9202483179901367 0.021448833346590312 0.09789260733609098
0 0.7325984885821402 0.6140473885662319 0.020640311346272 0.09553976666931803
0 0.7780928019175948 0.597895129893414 0.021394289345953867 0.0932051073360908
0 0.884766779201188 0.9630105052116875 0.024818734006999677 0.0518443106699543
1 0.2839615412555945 0.5692745219605473 0.012136920671545237 0.03607386000159085
1 0.34126551125877613 0.5451734032861385 0.013853962006681542 0.04937329133513622
1 0.3921676766390922 0.1985342132797752 0.012191464672181596 0.04076136000159081
1 0.5919263932209142 0.8211251865850038 0.009893168006045273 0.04464033800127254
1 0.4093860658816418 0.8669933119430482 0.024491470003181703 0.023719310669954297
0 0.2918238733290911 0.029397913480671344 0.015561912675045076 0.05879582696134269