0 0.8965899052753208 0.4168531205442784 0.022902245345317596 0.08853578866963616
0 0.7422172945576413 0.7943797785646411 0.018850544676953972 0.07599033533577267
0 0.8019270072008698 0.966317865889596 0.026344871339908593 0.04873749200349984
0 0.6483325765834129 0.6056541805776859 0.020731218013999353 0.10335226666931803
1 0.656626334579913 0.631335433243186 0.01877781934277234 0.06974033533577248
1 0.7136655805617775 0.7642473832352318 0.021039753341817756 0.0627363573360908
0 0.7348502372295048 0.7561894352323683 0.017178956675681433 0.06659715400222713
1 0.7228496765595503 0.7805445452339591 0.016234074673772268 0.05252556333545453
1 0.7947503065325062 0.9788996818905507 0.009647720003181703 0.023546588001272538
0 0.8548611031986425 0.982105950549051 0.020494313335454352 0.015861357336090974
0 0.8307787132002333 0.9706690112190053 0.03091419267186346 0.038635786004136106