0 0.17734375 0.56015625 0.04453125 0.06953125
0 0.2359375 0.31875 0.02734375 0.0609375
0 0.278125 0.28046875 0.0234375 0.0484375
0 0.33984375 0.7921875 0.0265625 0.078125
0 0.50859375 0.03359375 0.05078125 0.04453125
0 0.33203125 0.28828125 0.01796875 0.0859375
0 0.36015625 0.25625 0.01640625 0.075
0 0.2796875 0.9796875 0.02578125 0.03828125
1 0.34296875 0.74453125 0.015625 0.05546875
0 0.3328125 0.8453125 0.028125 0.0578125
1 0.5140625 0.040625 0.02421875 0.021875
1 0.20703125 0.55 0.0171875 0.0578125
0 0.328125 0.77734375 0.01796875 0.053125