0 0.6921875 0.80546875 0.01484375 0.028125
0 0.71328125 0.68515625 0.01875 0.03671875
0 0.08828125 0.68828125 0.01171875 0.0453125
0 0.23203125 0.42578125 0.01015625 0.0390625
0 0.40234375 0.2734375 0.0109375 0.01875
0 0.0640625 0.28203125 0.02265625 0.01640625
0 0.4671875 0.38671875 0.009375 0.03125
0 0.49453125 0.43125 0.01328125 0.03359375
0 0.5921875 0.42734375 0.03046875 0.01796875
0 0.96640625 0.4734375 0.02421875 0.028125
0 0.10390625 0.3640625 0.01015625 0.03125
0 0.13046875 0.265625 0.01171875 0.0234375
0 0.12265625 0.60078125 0.0109375 0.03359375
0 0.31796875 0.34296875 0.00703125 0.0234375
0 0.59609375 0.565625 0.02578125 0.0140625
0 0.35390625 0.36953125 0.00859375 0.03203125
0 0.01640625 0.5359375 0.00859375 0.034375
0 0.10625 0.62890625 0.01171875 0.0453125
0 0.1390625 0.18125 0.0140625 0.01953125
0 0.0875 0.05859375 0.00703125 0.02109375
0 0.1375 0.36171875 0.01171875 0.021875
1 0.6890625 0.82109375 0.01171875 0.02421875
0 0.12421875 0.36640625 0.0109375 0.02734375
0 0.09921875 0.265625 0.01015625 0.03671875
1 0.13046875 0.60078125 0.00625 0.0171875
1 0.11171875 0.6359375 0.00546875 0.02265625
0 0.003125 0.49296875 0.00546875 0.02578125
1 0.1203125 0.37421875 0.00625 0.02109375
1 0.13203125 0.25078125 0.01015625 0.01640625
1 0.096875 0.06640625 0.00703125 0.015625
1 0.359375 0.37890625 0.00703125 0.0203125