0 0.6216457581158128 0.8780506290101042 0.011946016669318027 0.020008752471457926
0 0.969656544119949 0.9226852856633563 0.037690904002226945 0.01793425790866543
0 0.5557036794636758 0.9823441981737455 0.012027832670272609 0.027040002471457925
0 0.6653508521244034 0.9430827214054499 0.01052896733768165 0.03244508547526337
0 0.8059491274665394 0.9973338749136081 0.010592602005090868 0.005332250172783759
0 0.9376156561107223 0.8534431957394686 0.008957376670908701 0.03160016847906917
0 0.9482360774585852 0.9608564477166348 0.009784080004772377 0.03553825197716627
0 0.9376594674172235 0.65588244623376 0.008094310669954297 0.024537084980972068
0 0.9074741701145402 0.880326689313678 0.014335220003181704 0.02401050296574958
0 0.9047207927673135 0.7779192723174836 0.01588862933640911 0.02329291996194378
0 0.9279326681253579 0.9608100267661077 0.0097386266709087 0.03163200197716627
0 0.9139338027927668 0.9657057738003584 0.011301126670908702 0.031695668973360826
0 0.7143696074554035 0.9279007317855733 0.00890283267027243 0.026912668479069167
1 0.6592281214592214 0.9537655534206724 0.006495448002863569 0.02134841798477751
1 0.9119525847787676 0.862548940302261 0.007222154002227299 0.016692751482874614
1 0.9307373054184961 0.6649709447508854 0.005641472668681757 0.015066584486680412
1 0.7954714200747693 0.5829330830781677 0.004042610001590852 0.011877917490486034
0 0.8008856260741328 0.5784684175648481 0.00573237933640911 0.022879084486680412