0 0.7312970629845406 0.4156609258190809 0.023531758437520624 0.0930151709505271
0 0.9261184234293435 0.9132522143366437 0.053625997004775175 0.03885159437251211
0 0.6703967354023936 0.6404818536896901 0.028601204353836528 0.10414367193911023
0 0.6314557756910796 0.5492321125869387 0.02334078547936258 0.08754642095052709
0 0.746850107997732 0.640487170876165 0.01883433475372307 0.07019975346004123
0 0.40548856425048496 0.18397316300468064 0.02040675843752062 0.09288783695813829
0 0.7968401843139346 0.6610742434998473 0.03232391587924912 0.05436650642579064
1 0.703360546742472 0.4784301812562884 0.01844246515360979 0.03663783695813834
1 0.9071055286014864 0.8992043017890735 0.028834328130301047 0.021458505931499162
1 0.6378868249654402 0.566133111104064 0.011411215153609789 0.03635133547526355
1 0.41683529201796643 0.1718087440313199 0.01017609736759475 0.04566266847906917