0 0.3088099728139627 0.12707908782499683 0.031131936273566297 0.09312783128389332
0 0.2896568413324005 0.7504802263886784 0.022601853269760674 0.09464033430895533
0 0.36985490216744676 0.06658194935951117 0.02886909931542796 0.0759312409248137
0 0.11388356711211274 0.8663193707078964 0.02929752224312141 0.10561419574527378
0 0.3680961536131405 0.4547813861277946 0.026221601786885883 0.08763181020665449
1 0.3542352193539216 0.1432171722321481 0.010807507414373774 0.03521079215447771
0 0.2277789238419145 0.7547455455723233 0.03564568133065045 0.06972214754067192
0 0.5213498517125238 0.6999251936039746 0.02070377224312132 0.10556419877033604
1 0.12324397965968284 0.885791533373879 0.01579609634967847 0.061796018052176646
0 0.3946639707996153 0.531171169305282 0.027292011862998056 0.056395445745273776
0 0.23527574745417995 0.8007847534178456 0.04042868182494201 0.07209316861791067
1 0.3855237341454882 0.4679580969983791 0.020292595361095244 0.05713578912941557
0 0.34785788536153284 0.1463785336684666 0.02414976581733086 0.07512271984757483
1 0.3585499876427103 0.05649387705260831 0.012433674410568151 0.036782382513557324
0 0.3759258996588078 0.47348138915285676 0.024740014828747638 0.07043976502711473
1 0.5096602766173837 0.6609399616561513 0.01821810079830275 0.08289885841125652