0 0.2989711083592609 0.17173540852871555 0.02895288879807003 0.09282393284565975
0 0.14582375242904141 0.8827241938635766 0.03624323741809832 0.10783133700597247
0 0.3762559517009881 0.5280776339274309 0.028898341720169363 0.08969893284565984
0 0.3205958814878788 0.8290030478713891 0.0235386858759707 0.09582164627652787
0 0.37442903003177214 0.1102361704965628 0.027939813716992213 0.07952449905006946
0 0.24334186038456046 0.7428642196991321 0.027857993100141164 0.0748369990500695
0 0.3391012305182394 0.1890690321038197 0.02240287986961631 0.07549096248093753
0 0.5597850665530707 0.7970854731176046 0.019918808034949366 0.11213697729857638
1 0.1617214878185448 0.8987128697753821 0.016743215096963925 0.06442617591180558
1 0.39607357385996667 0.5449384788171878 0.019018781249588022 0.06057447729857639
0 0.3995628124958809 0.6106180302039587 0.029215941558013638 0.06315461664125
1 0.34533759374876427 0.18843325246854195 0.009947744317957152 0.03303070554708332
1 0.3619153932622969 0.10916397976711836 0.013881267856907442 0.034684124525034755
0 0.38364175770734243 0.5485537880877434 0.027076743100141167 0.07481881525447917
0 0.24732597686149616 0.7921557048814932 0.031559691558013546 0.06320916802802082
1 0.5434918648487873 0.758440547205799 0.014713110794892969 0.08234037452503476