0 0.8837397506773685 0.46000882411676736 0.051675364653892684 0.04744771200668154
0 0.8759493413596857 0.7285042854471311 0.0430406710763279 0.0465664646721816
0 0.7442756224558087 0.048479883434086275 0.022926244911617388 0.07990567600254533
0 0.7387149349826793 0.6425838720957684 0.02469014077317446 0.09866476666931803
0 0.7096349445936176 0.6836264954248594 0.021650349954571445 0.0853562446689999
0 0.8428812138154946 0.7679389554423587 0.03691350180902227 0.048837489337999786
1 0.7171608395506636 0.6782486520925867 0.015287485300678938 0.038435791335136214
1 0.8599304364530174 0.467539513446813 0.021499863749381377 0.022892607336090796
1 0.7332086476705794 0.07567818276572272 0.019968341248144127 0.06815965400222716
0 0.7321917022839921 0.02647761409926816 0.021414654567984213 0.03616476666931806
1 0.5239552306625221 0.9964226560311804 0.02565509724103805 0.007154687937639181