0 0.16796875 0.74140625 0.04375 0.06640625
0 0.25078125 0.60546875 0.02734375 0.0484375
0 0.3625 0.56015625 0.025 0.071875
0 0.3234375 0.840625 0.03046875 0.0953125
0 0.4234375 0.1421875 0.04375 0.05234375
0 0.315625 0.209375 0.01953125 0.0890625
0 0.22734375 0.56796875 0.02578125 0.0546875
1 0.3796875 0.5828125 0.0125 0.0546875
0 0.5421875 0.828125 0.015625 0.07578125
0 0.35234375 0.21875 0.01953125 0.071875
0 0.55625 0.86328125 0.01796875 0.0953125
1 0.4140625 0.1546875 0.01796875 0.0265625
1 0.359375 0.21484375 0.00625 0.03828125
0 0.371875 0.578125 0.02109375 0.07265625
0 0.371875 0.6578125 0.02109375 0.06484375