0 0.13203125 0.5609375 0.01640625 0.0265625
0 0.06640625 0.68359375 0.03203125 0.01796875
0 0.57734375 0.83125 0.03359375 0.01796875
0 0.13046875 0.653125 0.01328125 0.03359375
0 0.48828125 0.815625 0.01171875 0.03828125
0 0.4609375 0.76953125 0.01015625 0.02890625
0 0.31171875 0.70703125 0.00703125 0.0296875
0 0.59140625 0.97421875 0.02734375 0.01953125
0 0.35390625 0.73671875 0.01015625 0.03515625
0 0.09375 0.44375 0.00625 0.028125
0 0.09453125 0.7359375 0.0109375 0.03203125
0 0.2203125 0.37109375 0.00703125 0.02421875
0 0.96953125 0.87421875 0.02109375 0.02890625
0 0.1078125 0.98359375 0.01171875 0.03046875
0 0.39765625 0.665625 0.009375 0.02109375
0 0.2265625 0.79609375 0.01015625 0.04453125
0 0.0046875 0.875 0.009375 0.028125
0 0.0984375 0.63828125 0.00859375 0.03984375
0 0.1140625 0.7390625 0.01171875 0.02890625
0 0.128125 0.74296875 0.01328125 0.0296875
0 0.00625 0.91484375 0.0125 0.040625