0 0.48828125 0.07578125 0.0515625 0.034375
0 0.16796875 0.615625 0.03828125 0.0859375
0 0.24140625 0.39296875 0.01875 0.06953125
0 0.29140625 0.96328125 0.03359375 0.07109375
0 0.2921875 0.3671875 0.021875 0.05625
1 0.196875 0.615625 0.02109375 0.0640625
0 0.340625 0.8 0.0109375 0.0625
0 0.3265625 0.278125 0.01875 0.0890625
0 0.359375 0.25703125 0.015625 0.071875
1 0.35625 0.703125 0.0125 0.0546875
1 0.4953125 0.090625 0.02734375 0.0203125
1 0.365625 0.2625 0.00703125 0.0390625
0 0.3578125 0.746875 0.02421875 0.07578125
0 0.34609375 0.7203125 0.01484375 0.06953125