0 0.6383105641463632 0.8890952454248595 0.027656767794497127 0.0846568106699543
0 0.8289805513691441 0.16128042278004023 0.02751218775644091 0.1002727200031817
0 0.549030477225406 0.5097520960773145 0.025634011368706668 0.054178970003181705
0 0.5897338012947819 0.9494963960852688 0.027402099809719617 0.0784068106699543
0 0.5796955454004639 0.5820179947485418 0.02186968281352506 0.07678067600254543
0 0.660001105209746 0.29922422342454125 0.02084835228117754 0.09004374466899989
0 0.6022921511045014 0.8714804840865416 0.02698826433445589 0.0682505606699543
1 0.5566400473776303 0.57237027474536 0.01932034437251211 0.052543744668999894
0 0.4367108438410394 0.35055781472786085 0.01960418726214961 0.09783806333545444
0 0.7072554485936748 0.2520952320973592 0.03979201186299797 0.05668635200509069
1 0.5937846313328381 0.9651759400859052 0.016036176882026253 0.04860113200190881
0 0.6987545404947291 0.21135205342931376 0.03803851087441501 0.051980670671545236
1 0.8211508053234766 0.14243042544554027 0.016736513840164235 0.06578863200190899
0 0.4483685854380825 0.39055610606299707 0.01877651631162234 0.07752556333545453
0 0.5686452988605051 0.5654753847469508 0.02545759783255317 0.06901362933640894
1 0.59516540061021 0.873742418085587 0.01087117441056833 0.03682783800127254