0 0.3171875 0.1765625 0.025 0.084375
0 0.16484375 0.83046875 0.03125 0.0984375
0 0.38203125 0.50078125 0.025 0.08125
0 0.3265625 0.778125 0.01953125 0.08671875
0 0.38671875 0.11875 0.02421875 0.071875
0 0.25703125 0.70078125 0.02421875 0.06796875
0 0.353125 0.19140625 0.01953125 0.06875
0 0.5453125 0.74375 0.01640625 0.1015625
1 0.1796875 0.84453125 0.0140625 0.05859375
1 0.4 0.51640625 0.01640625 0.0546875
0 0.4015625 0.57578125 0.02578125 0.05703125
1 0.35859375 0.190625 0.00859375 0.03046875
1 0.37578125 0.11796875 0.0125 0.03203125
0 0.38828125 0.5203125 0.02421875 0.06796875
0 0.259375 0.74609375 0.028125 0.05703125
1 0.53125 0.70859375 0.01171875 0.075