0 0.7359495403643177 0.9050680756589573 0.048049075644311934 0.0845793973268119
0 0.47635329658435416 0.41016728640817995 0.03797139077317446 0.10034861049510883
0 0.643277361486074 0.86072727048199 0.05894895409301455 0.06963693678935065
0 0.2309931247150569 0.969160720972571 0.02794461555840373 0.061678558054858
0 0.8719026554724956 0.11075517548954808 0.031022027928304396 0.10150158681758552
0 0.11715311623577225 0.5263265525461314 0.0276480444366475 0.11143032366340595
0 0.18469133480096517 0.9785605808629111 0.02527663896415202 0.04287883827417786
1 0.6631018605815627 0.8377370915145601 0.03111720318850324 0.04387109734092931
1 0.18337449626635444 0.983270832178329 0.020097816033373572 0.033458335643341997
1 0.12904560662483383 0.48573934990117795 0.02165367198083885 0.07135906050922625
1 0.47044413330994256 0.3568602758848362 0.024334936680159912 0.03335082629424182
1 0.7454573371758144 0.8635631151214962 0.021288501809022264 0.049529563140062294