0 0.18918376741796322 0.7895930350947027 0.0442106527447093 0.07125025889724856
0 0.35772683042922926 0.8698110701894054 0.029335810503983595 0.09639483893530461
0 0.3884012027573446 0.5831214950942651 0.03142950791755883 0.08789658942959626
0 0.3254643159142599 0.21692615072175309 0.025224972024181457 0.08920442144481866
0 0.26668297862159207 0.6639974688968111 0.022176528371529967 0.0648901709505271
0 0.4260804298625979 0.1617213389724857 0.042579956584775404 0.06884284190105419
0 0.3641320108205527 0.23176724212851565 0.023389687384445423 0.07976575444862428
1 0.4076740399835054 0.6018542490485979 0.01882420783841656 0.05695033695813834
0 0.4004813171013941 0.6764722470714315 0.02452027837152997 0.06498567144481875
0 0.589871740695786 0.8831718691242726 0.02117396951689905 0.11088842045623544
1 0.21330322901730345 0.8139855400376185 0.014713369358614425 0.04975991946765248
1 0.36964622492717536 0.23355257661519602 0.007409334718878391 0.040098417984777514
1 0.4169782145023341 0.17071433699531938 0.019037156505633136 0.03745092045623553
0 0.3968047361434395 0.6037523300752371 0.026469223277822706 0.07833058844101295
0 0.2559895195295343 0.6183029669196447 0.036588369358614425 0.050651257414373776
1 0.35812999571035087 0.8300309871855998 0.015980352665567032 0.03966733646384668
0 0.5732237982967756 0.8473789491623286 0.018815847651002214 0.08348100346004124