0 0.8229241706261018 0.8750939275194474 0.0475134871097012 0.08897064676606803
0 0.603321994572933 0.17733037765573298 0.041512470601357876 0.07852779172311405
0 0.6538942096356823 0.901488251920564 0.030981084350739253 0.10056988805964089
0 0.6194937126879001 0.6012116129564118 0.033495252713533576 0.07421210594746519
0 0.6993062019453079 0.24424896200647223 0.02830978573022023 0.09419705732694625
0 0.7498595641128096 0.6997011018751355 0.042256099050060315 0.06298467887824373
0 0.6594657739715752 0.2570455331282284 0.025106220601357875 0.07766797659425162
0 0.41322826605811747 0.8896588800305821 0.026539245816128522 0.1050117265942518
1 0.601777268205824 0.6253517978275495 0.01931324400710608 0.05632856512886235
1 0.6145494216421545 0.18731953131920615 0.019275622455808696 0.040744508706427277
1 0.651735161126705 0.2550735973525796 0.009818735300678939 0.038690685775648784
0 0.6141544374731295 0.6283506450685875 0.027327139868663152 0.07544705732694616
0 0.6049188783371608 0.6999390400256333 0.02728951831736559 0.05986300090451113
0 0.7460042237691764 0.7433692147200057 0.01840584124814413 0.06874667797373277
0 0.43094138851392605 0.8506340015818796 0.022104051334052598 0.07984795228399193
0 0.8008477747645447 0.8927384509251958 0.016392961894930735 0.06007104081860284