0 0.915625 0.8859375 0.0203125 0.10078125
0 0.5765625 0.11484375 0.02890625 0.103125
0 0.68984375 0.47890625 0.01953125 0.10234375
0 0.1984375 0.55859375 0.0234375 0.096875
0 0.63671875 0.45625 0.0203125 0.10390625
0 0.2421875 0.578125 0.01953125 0.09453125
0 0.596875 0.90546875 0.05703125 0.059375
0 0.39140625 0.75234375 0.01953125 0.0890625
0 0.0890625 0.94609375 0.02578125 0.10546875
1 0.3859375 0.79453125 0.01015625 0.04375
1 0.5875 0.884375 0.025 0.02265625
1 0.58515625 0.1734375 0.0140625 0.03671875
1 0.63984375 0.52265625 0.01328125 0.0328125