0 0.9159632559958559 0.13800947521105855 0.044101064515692914 0.09302975840295699
0 0.7837203759265042 0.8110689263133724 0.030293275640563166 0.0979255054372075
0 0.7010661178637336 0.44811794015353695 0.03149190260503385 0.0901766724334017
0 0.7384739567816443 0.14211067927912197 0.03062076137253946 0.10495675543720746
0 0.7447113798554457 0.797003767720135 0.026930681141081082 0.07595500494291585
0 0.6833092295267233 0.35256535962118923 0.029546258891340216 0.06514483893530461
0 0.8322347270455239 0.30657774448843045 0.03605097001621047 0.07086825692008229
0 0.4983219917278324 0.16207164669305824 0.024443535979645502 0.1062645874524299
1 0.6813700479713575 0.4285694441078697 0.020734185070022625 0.06010717045623544
1 0.8922346575674325 0.1327144801539744 0.018135723945152192 0.054542919961943916
0 0.5135317688161376 0.20293672722540596 0.01855525496239885 0.08029233646384668
0 0.827816900743007 0.262141994982722 0.03058222001621047 0.07064542243340188
0 0.6949959003287223 0.4186214411421201 0.02745722001621065 0.07051808844101312
1 0.7068710856036327 0.8752534431192863 0.01993366439185813 0.04291967045623579
1 0.7362631790696573 0.8004789361992042 0.010449502481199423 0.04019391847906917
0 0.6975324729071856 0.8764166950964528 0.04117511765884583 0.08043425790866543