0 0.014811916501902805 0.03142641353615328 0.02962383300380561 0.062147172927693436
0 0.22524812593281157 0.5781263641069946 0.026508103269760674 0.09545442144481875
0 0.28139594414505065 0.2529380217116488 0.028388938250732652 0.10333058844101313
0 0.1863526995822581 0.23107229197760387 0.02330484882113639 0.07426517095052709
0 0.5462689386706622 0.6625398788985611 0.024913769771663395 0.09460950444862419
0 0.32413258939241524 0.352590511825817 0.027497600304011095 0.08145558844101312
0 0.2103950360461048 0.21527353703468802 0.02027534931542796 0.07648158695813834
0 0.25456289422160033 0.49035710866978716 0.013915261368706489 0.05438375247145792
1 0.5385373517125238 0.6800138803814358 0.011875258897248563 0.04260133547526355
1 0.3175151748676787 0.34272076330869183 0.015000258897248564 0.0427286694676523
1 0.014990988631293495 0.05320591304186169 0.028871757908665398 0.03861417243340184