0 0.6739465401814229 0.8936879024627693 0.031161040653194406 0.09788442849312062
0 0.6819532891345832 0.24783968912325802 0.021804224448784736 0.09833829627913566
0 0.6117725420812838 0.9489408868536724 0.027908100873680654 0.058740082939624474
0 0.8620609760643054 0.12289670890870588 0.028308797587048674 0.10949405108845914
0 0.606075241263194 0.5564904920258156 0.02554682028847246 0.09144345553496294
1 0.6258908998888187 0.8789731272350256 0.010229638392743112 0.03704613221398532
0 0.7461067081125344 0.24169632732769292 0.03528484298989589 0.07382936960011346
0 0.4432531586256247 0.3076958718775481 0.019715047587048673 0.10919395072563942
1 0.8523775047496528 0.10293887297385643 0.015553571238402952 0.0645535733209777
0 0.5774612384134024 0.4778669842212674 0.027126850873680653 0.05871280108845909
0 0.7370596696435415 0.19439474139284346 0.040789960581076555 0.07558284255827141
1 0.5884337995838189 0.5430554746026205 0.019350718464861315 0.06000248257680489
0 0.6329948850711797 0.8756025905745368 0.023675195763437528 0.07810764183263216
1 0.6239270499650686 0.9633481272350256 0.01157393284565984 0.027725695916316084
0 0.5979360861529509 0.5372593423886354 0.024347342989895892 0.07344742368379738
1 0.4556070350505205 0.3470758304077358 0.016843967514930648 0.08645585517214319