0 0.14765625 0.56328125 0.0203125 0.08046875
0 0.28515625 0.21953125 0.01640625 0.06953125
0 0.228125 0.04921875 0.02421875 0.06953125
0 0.37265625 0.39375 0.01796875 0.09453125
1 0.36484375 0.36953125 0.01640625 0.0640625
1 0.31171875 0.2484375 0.01875 0.05703125
0 0.29140625 0.25546875 0.01484375 0.0609375
1 0.303125 0.2328125 0.0140625 0.04765625
1 0.234375 0.04453125 0.00859375 0.03515625
0 0.1796875 0.02734375 0.01875 0.0546875
1 0.171875 0.02265625 0.00859375 0.034375
0 0.2015625 0.0375 0.02734375 0.075