0 0.7757677805935943 0.5018575591435184 0.026581228675999567 0.06995078101724665
0 0.6803318426559551 0.05009671820878767 0.030124399347544895 0.10019343641757535
0 0.5172889252069149 0.9066521827982201 0.057594871339908774 0.05109377315936392
0 0.8424665739576838 0.27231130025217826 0.034012468013999354 0.10465326674922296
0 0.6655911598902323 0.7771551197302695 0.017551674013363085 0.09920163337461148
0 0.7072177752625942 0.4878721418561761 0.01488066000954511 0.07096747146395277
1 0.8036949752944109 0.24913066542982465 0.02254770934118149 0.058831344499482
0 0.6273280912237778 0.7773755976043631 0.01895963267822669 0.08599315798171717
0 0.3988096699952275 0.026123101892985452 0.023474410009545022 0.052246203785970904
1 0.5182156258752785 0.8941157954946671 0.026753404002227123 0.0176434183207995
0 0.6377512546149114 0.3513396364794926 0.01740622334499946 0.08670163337461148
0 0.6186750852960017 0.24603570637186872 0.02196645401018138 0.07598245719592907
0 0.4143255819939548 0.035070551076238535 0.018223836012090367 0.07014110215247707
0 0.6207910212842295 0.332608907157657 0.014208498010817649 0.08030608416039975
1 0.6096535266152296 0.3503058294073981 0.011637481341499622 0.060665672249741044
1 0.6209962752228233 0.7846979460327865 0.007476692671863461 0.0386087357319763