0 0.8315427942654854 0.8216127994811482 0.0470399605810762 0.07448237041330899
0 0.6531800985020478 0.899983760057145 0.030488893426736042 0.10172612646343318
0 0.618901896373437 0.5939746545727548 0.03261443787965277 0.09236476200205246
0 0.6826085589862151 0.2061564920049682 0.026400805470833434 0.0938909005657341
0 0.7480243922893745 0.6846173144100669 0.023456990216354258 0.06809601502711474
0 0.5754876964290276 0.14350702196100165 0.04464165919430556 0.07212498487468952
0 0.6416562506655901 0.22045534134103825 0.023838849923750162 0.08450226502711464
1 0.59813480148368 0.6136240792407899 0.019350718464861315 0.05947953912941557
0 0.6056550543334717 0.6932570370863121 0.025800740216354257 0.06810965056573401
0 0.40541474572850617 0.9061120819712644 0.02147756933854179 0.11729658430895533
1 0.8059609128065965 0.8467582452264221 0.015280814304548685 0.05242556323171641
1 0.6361511330744095 0.2220496575978169 0.00723192496187508 0.04222386143631844
1 0.586188807086354 0.1535996394474443 0.01967737357510426 0.03995283430895542
0 0.6097990000969092 0.6158996515476927 0.027690548536979165 0.08218124092481371
0 0.7593080376159718 0.6361207270760494 0.03871831430454868 0.05256191861791084
1 0.6525813396683326 0.8585866004162245 0.017369991166284748 0.04150169877033605
0 0.42347506791683953 0.8685120880213886 0.019242268901701463 0.08838124394987582