0 0.3869058627333286 0.6768696680205633 0.026006979307785106 0.0949785710325699
0 0.698693211783389 0.6339057072007535 0.02822789857509065 0.09277132892507786
0 0.6778948694035909 0.2980823282897932 0.02810174581612852 0.10522582629424182
1 0.9716359825871453 0.09107127802156197 0.05561923620519025 0.06554867626600695
0 0.6233125107425922 0.39755941254712995 0.027780841248144127 0.06937933155591365
0 0.7653063381959264 0.2749626176817449 0.021240914178922665 0.07834480787839038
0 0.7485658955228727 0.25047855717251866 0.017129946291098364 0.07421104472421067
1 0.6800084888071819 0.5568048809065116 0.014257251809022264 0.049120039462538755
0 0.9585251509499397 0.11695123855902309 0.021414654567984213 0.03707506577089812
1 0.6294363579836302 0.3853779309629814 0.01368404172311415 0.03818253946253884
1 0.39221416044933644 0.6952024390672508 0.012408146766068207 0.043560284200867015