0 0.3953125 0.84140625 0.01171875 0.01875
0 0.065625 0.86953125 0.03515625 0.015625
0 0.45859375 0.94296875 0.0109375 0.025
0 0.35390625 0.9015625 0.009375 0.03046875
0 0.221875 0.96640625 0.01015625 0.04296875
0 0.0953125 0.80546875 0.0078125 0.0296875
0 0.48515625 0.98515625 0.0125 0.028125
0 0.0859375 0.90703125 0.00859375 0.03359375
0 0.09296875 0.61796875 0.00703125 0.0234375
0 0.12421875 0.83203125 0.01328125 0.021875
0 0.12578125 0.7359375 0.01484375 0.02109375
0 0.10546875 0.90859375 0.00859375 0.0296875
0 0.11875 0.91328125 0.01015625 0.0296875
0 0.3078125 0.88515625 0.0078125 0.025
1 0.36015625 0.91171875 0.00625 0.01953125
1 0.11953125 0.815625 0.00625 0.015625
1 0.1 0.62734375 0.00546875 0.0140625
1 0.22734375 0.5546875 0.00390625 0.0109375
0 0.221875 0.55 0.00546875 0.021875