0 0.01860391508343387 0.10109870853018772 0.03266309305716651 0.11733383293962456
0 0.3704772693334185 0.7219989632546931 0.029548059135968606 0.07277530108845909
0 0.3464632372212429 0.7267509506408214 0.02967088986866324 0.0751190510884591
0 0.4715916327441156 0.5157539085380369 0.023867947195609494 0.09831101442797027
0 0.2793420935073924 0.9842484813108605 0.035193871551297565 0.01682540145127902
0 0.22233974672063966 0.1205952090783419 0.032137470601357875 0.07754464664195541
0 0.31042831919713293 0.9800322072642433 0.024583920171816587 0.022693455534962936
0 0.22116118554850614 0.4266641598039813 0.024485422885349984 0.09521329627913566
1 0.21786576718571196 0.4533903509109739 0.011381235300678938 0.03860863221398514
0 0.3926455184289074 0.6969617577197302 0.01840584124814413 0.068487105172143
0 0.4619610051999244 0.5560068863055184 0.020295889868663153 0.07479166887447412
1 0.37693530924751023 0.7108159265942042 0.019313244007106167 0.05604166887447413
0 0.2082329811168074 0.13517606425048503 0.02567943068726608 0.08823660998146657
1 0.015731220601357843 0.07615327223251858 0.02650494629109834 0.07422867368379742