0 0.1997384631100796 0.48186971845365123 0.04484032220870695 0.05545878392119796
0 0.24032359825591554 0.7415412895754075 0.02138464149054773 0.0511054765942518
0 0.34121795686356365 0.6213748744919736 0.021666442622015936 0.09954297659425179
0 0.3711281706610143 0.6581002685445083 0.017632927594901295 0.07746325870642715
0 0.21438781215156205 0.7163299276350484 0.024468734874689525 0.04423800090451131
0 0.5620087424769379 0.9606919227738082 0.02668067466803503 0.021704581637205678
0 0.297279520979043 0.053972690525347145 0.013767584210759586 0.08428979081860288
1 0.5619996521178582 0.9591294227738082 0.020448855386194252 0.02450203301668665
1 0.2224401649054777 0.4884948547042699 0.02432783430895542 0.02001925090451113
0 0.31037896379745067 0.030204298818761383 0.019190882415361443 0.060408597637522765
1 0.3107198522629363 0.08062039970674426 0.015180093285945873 0.05859042797373264