0 0.32360827604720854 0.7026402284317819 0.024005647442476085 0.09779260538619425
0 0.2743930294650541 0.4343942224798535 0.020081216724316862 0.09464487948849527
0 0.21357020071524357 0.7223118581166688 0.032403954722264317 0.06424885236113216
0 0.3675895593228916 0.6083680536655509 0.013758493851679886 0.08210851805217664
0 0.5952862706844554 0.26751683645025476 0.016152240826617793 0.09071590359079611
1 0.30299527331673404 0.5165890989432865 0.010433505951928356 0.0477153373340176
0 0.055499667243168724 0.945603391490548 0.050363614363184706 0.06279089149054755
1 0.2502889507152436 0.7225254815550398 0.016002249901804166 0.06493465359079628
1 0.5858249122731991 0.252618544295777 0.007258508976990541 0.039103406615858295
1 0.3574878514773694 0.6176839663315334 0.009629530054229285 0.04380454215447784
1 0.06790421847283273 0.9292698643631848 0.02436874092481369 0.02592215056573437