0 0.28125 0.2703125 0.01953125 0.0671875
0 0.17265625 0.55546875 0.01875 0.0890625
0 0.39609375 0.45078125 0.015625 0.08359375
0 0.2375 0.03515625 0.02421875 0.06875
0 0.20859375 0.03046875 0.028125 0.06015625
0 0.178125 0.921875 0.02109375 0.08125
0 0.3171875 0.28828125 0.0140625 0.05859375
0 0.30078125 0.28203125 0.015625 0.06796875
0 0.38515625 0.41640625 0.01328125 0.0703125
1 0.2421875 0.03125 0.00703125 0.034375
1 0.30703125 0.296875 0.0125 0.046875
0 0.19296875 0.92265625 0.0234375 0.07109375