0 0.8065616766129426 0.725 0.029565301033272106 0.11328125
0 0.8411760084860112 0.36328125 0.03189996067419258 0.11171875
0 0.7060959847764936 0.1078125 0.06679713544042354 0.0671875
0 0.907395906124879 0.33125 0.02649484318774995 0.12265625
0 0.3754823099120669 0.2171875 0.021702804058334378 0.1046875
0 0.5755408763652372 0.09296875 0.024850529956033363 0.10859375
0 0.9011434444687275 0.86796875 0.019209063133520488 0.07890625
0 0.4153806020665446 0.2265625 0.020862466724316953 0.09453125
1 0.8132429477883774 0.66484375 0.01671077702916719 0.05234375
1 0.6921880208808471 0.134375 0.033030668617910666 0.0375
1 0.5688818102066545 0.02265625 0.014326120413308985 0.0453125