0 0.6234375 0.94140625 0.06015625 0.040625
0 0.18203125 0.4640625 0.0203125 0.0984375
0 0.55859375 0.0453125 0.02890625 0.090625
0 0.38515625 0.70546875 0.02734375 0.109375
0 0.6296875 0.3953125 0.02109375 0.10546875
0 0.6859375 0.41171875 0.01796875 0.1109375
0 0.90859375 0.846875 0.03046875 0.078125
0 0.23203125 0.48671875 0.02109375 0.090625
0 0.0828125 0.86640625 0.01953125 0.11328125
1 0.6328125 0.45078125 0.01171875 0.04296875
1 0.56796875 0.09453125 0.01171875 0.03984375
1 0.3796875 0.73671875 0.01328125 0.05703125
1 0.61796875 0.91875 0.02578125 0.01640625