0 0.4734375 0.09921875 0.05234375 0.03828125
0 0.3109375 0.91875 0.02890625 0.09296875
0 0.234375 0.43203125 0.02421875 0.06875
0 0.1671875 0.6484375 0.02421875 0.08515625
0 0.328125 0.24609375 0.01640625 0.08515625
0 0.29921875 0.43515625 0.01328125 0.0609375
0 0.36875 0.6671875 0.01875 0.0953125
0 0.3625 0.2390625 0.01484375 0.07578125
1 0.36328125 0.73671875 0.0203125 0.0609375
0 0.5640625 0.96640625 0.0171875 0.06484375
1 0.20078125 0.6625 0.0140625 0.06015625
1 0.35625 0.65 0.01484375 0.075
1 0.36640625 0.23515625 0.0078125 0.03828125
1 0.47578125 0.11015625 0.02578125 0.01484375