0 0.16239366607254446 0.25763906389652014 0.0481169027447093 0.07167810090962279
0 0.2524911318285198 0.39660521050569797 0.029602583465237142 0.05209119292790545
0 0.3718465370805116 0.4387669776692057 0.02876750917119999 0.0770184183207995
0 0.3226742850354475 0.14690911745395802 0.03494095282385157 0.10149187944567006
0 0.44863898693486226 0.8732832187778655 0.04768499373179384 0.056834350909623056
0 0.33333458419015294 0.8090281277930401 0.02301761434404952 0.09391481989237604
0 0.2294089844940868 0.43679571691583874 0.029003189891727833 0.058304805624352515
1 0.38832934342785996 0.4137477069910413 0.014940689891727832 0.057649834160399746
0 0.5519669799417403 0.1495288875129499 0.018724919437756782 0.08045163337461148
0 0.37132031749710553 0.7970888999189467 0.02251750917119999 0.07672731989237605
0 0.5657195913827959 0.11133752874544425 0.021659702823851747 0.10087329528527027
1 0.43811902408188086 0.8612562537240536 0.019545621865896833 0.02821704528527036
1 0.37926920981697354 0.8014125268834175 0.008190584718878392 0.0401712357319763
0 0.3814572178010394 0.4195439427230177 0.02486125917119999 0.07683648180303493
0 0.3790021560434146 0.33516894272301767 0.023852688638086584 0.068987594499482