0 0.1378342769122513 0.5710904839480901 0.04981961555840373 0.07216659393982638
0 0.21105152815544673 0.32047158168763873 0.03144142978275495 0.06393586664124999
0 0.25684870703369056 0.2803907891345831 0.02683913896415202 0.0505636976632986
0 0.29245209859983434 0.8070429016917705 0.03156093848918218 0.08110518284565985
0 0.5076963133198401 0.021920269662603964 0.05554067107632772 0.04384053932520793
0 0.3110858276804769 0.2877116734432636 0.022636317842395927 0.0894807272985764
0 0.34253390151576657 0.25342693921083304 0.020459664178922664 0.07772560970739581
0 0.2205760193374778 0.9874038553389928 0.02721759724103805 0.013118249050069508
1 0.2981565439864216 0.7577514165094094 0.019395131162235922 0.0574131097073959
0 0.2825138545927282 0.862675305852083 0.03205890547249544 0.060829050436840504
1 0.5127965711217561 0.02707937870600651 0.026187363749381375 0.02323813145888891
1 0.16879434984302982 0.5610063159200693 0.02108046189493056 0.05979322729857639
0 0.28073002657356705 0.792490092421215 0.02083480042954129 0.05510572729857639