0 0.14673163777811463 0.510827317313819 0.023932924569839198 0.0854289700031817
0 0.3748288458200286 0.3691012519494114 0.020085761903856712 0.09553976666931803
0 0.27073117739850955 0.20311371996341077 0.023060770979043 0.06979487933640893
1 0.2911800327847038 0.22631486262731998 0.011228391490547728 0.05012726933481808
0 0.21100113251355732 0.009769349319705172 0.020439765027114642 0.019538698639410344
0 0.16967125155212415 0.9621534599777284 0.033217020979043 0.0699130580044546
0 0.18291614011580565 0.955748918642592 0.035478957747326414 0.05587783000477238
0 0.1844204517953981 0.00659448748806873 0.017273858411256348 0.01318897497613746
0 0.2818050327847038 0.22642395062859264 0.019149975799503238 0.06896817600254534
0 0.30052321652792513 0.22073702462604733 0.015184638465485633 0.058766472668681756
1 0.3637368097156751 0.3426660212842295 0.016792590260883776 0.06659715400222713