0 0.4775166846144655 0.9816092479312758 0.05697742570596294 0.025654528007635947
0 0.14608276049134827 0.4012886853119101 0.044915346397360875 0.09424089600572697
0 0.21867785985820998 0.6441114373010924 0.02251750917119999 0.0760176073360908
0 0.2912782178675464 0.029461548148080403 0.03851458221159589 0.058923096296160805
0 0.2733509879923131 0.670809749960229 0.026014582211595895 0.0620005606699543
1 0.17733276049134827 0.4009250586410012 0.0254606527447093 0.0698039700031817
0 0.34022888024567416 0.19753533461968398 0.013719170691397942 0.06888636000159085
0 0.3079867492750842 0.7688108979551385 0.023131274610606312 0.0971113573360908
0 0.34328775178236665 0.7902677272835932 0.019483437384445423 0.07910624466899989
1 0.35356630304864317 0.3028131806174568 0.015031618104973266 0.0603107913351363
1 0.486405951307513 0.9713530005967759 0.031127979546029038 0.023010786004136464
1 0.350478126155546 0.7847171612826387 0.009062762932123736 0.043059656667727354
0 0.35651545830063497 0.25513874928391134 0.02897209765100204 0.08312158267027261
0 0.3431743723281153 0.28419044995227494 0.01783000917119999 0.07596306333545444