0 0.6617802418889157 0.8586844423654973 0.016143197240056396 0.029960235389503254
0 0.6859053088523188 0.730160021910802 0.020213088473758488 0.03940341923687925
0 0.01943087500494293 0.7224341075484819 0.013345479707460538 0.04865568831160268
0 0.17823272524652894 0.44465180113509045 0.011660248782184014 0.041597164772652385
0 0.3623191732973643 0.2853155316533299 0.012059669236879244 0.019735801542127618
0 0.006937427456313365 0.28844489123370204 0.01387485491262673 0.0182960324674041
0 0.429736724028713 0.40762295413662003 0.010742631087432387 0.03377102800317715
0 0.4578111310907277 0.45578376460720127 0.01468979139585791 0.03618296185055314
0 0.5617992017075786 0.45290995494739894 0.03313978246740401 0.019322744317957153
0 0.9609400852306429 0.509110730918686 0.026299447240056395 0.03013751339268058
0 0.04265946388244324 0.3766403664769357 0.01152388108743232 0.033784664772652385
0 0.07340667776159118 0.271676176947517 0.012936376623205436 0.025218188311602673
0 0.05856728734196333 0.6293386724832901 0.01234604139585782 0.036142051542127615
0 0.2711799301972232 0.35796605316368535 0.008248876623205437 0.025136367694751627
0 0.5639093522767714 0.6006480255642499 0.027602848620028198 0.015321036931630871
0 0.3089566197266419 0.38754050486796865 0.009975017856907442 0.034538641233702094
0 0.040066703332431695 0.6594937767853611 0.013345479707460538 0.04865568831160268
0 0.08356865625123573 0.1819824314117439 0.015211942775829579 0.021352848620028196
0 0.031158496753589116 0.050559107548481974 0.0074267163147799355 0.022778980925276526
0 0.07863787419086873 0.37492390787279356 0.012909103084255103 0.023655688311602675
1 0.6583688697299371 0.8750361452875965 0.012950013392680582 0.025999438311602674
0 0.06449355357401773 0.3793659460222405 0.012223310470581294 0.02911080154212762
0 0.039812927761591184 0.2710897958600847 0.0108380884737585 0.03923977800317715
1 0.06636615057248815 0.6302562901780419 0.006563645697928911 0.018077844155801336
1 0.04619397240715517 0.6666341209411626 0.006672739853730269 0.02432784415580134
1 0.05965604910979085 0.3878778754053894 0.006631829545304768 0.021984094155801336
1 0.07522827638161941 0.25685970048646733 0.01125114569792891 0.018159664772652385
1 0.040397129058837425 0.05853524878218401 0.007317622158978576 0.016528980925276528
1 0.31504297849293983 0.3970245990237701 0.008194329545304769 0.022011367694751715