0 0.5671875 0.07421875 0.02890625 0.10078125
0 0.63125 0.42578125 0.0203125 0.103125
0 0.38671875 0.72265625 0.025 0.09140625
0 0.9109375 0.8625 0.01796875 0.096875
0 0.1875 0.51015625 0.0203125 0.0984375
0 0.6859375 0.44453125 0.0171875 0.10625
0 0.23515625 0.53203125 0.0203125 0.09296875
0 0.6078125 0.92265625 0.0578125 0.05
0 0.0859375 0.90859375 0.02265625 0.11796875
1 0.38125 0.765625 0.01171875 0.05078125
1 0.57421875 0.12421875 0.01171875 0.04375
1 0.63125 0.48125 0.01171875 0.04375
1 0.59921875 0.8984375 0.0265625 0.0265625