0 0.5582927775896198 0.1546022065794053 0.04970342887824373 0.041560058231457433
0 0.8080947879935279 0.7544572009251957 0.041717188489182176 0.08243404172311415
0 0.6432056931273389 0.9111122354122205 0.031680447195609494 0.09904833163720568
0 0.7102382213943274 0.5887326243763726 0.025604187584671045 0.057437363749381375
0 0.6224992039814727 0.6186038308442363 0.027982237109701203 0.08794705732694616
0 0.6775130891004376 0.2415400418346557 0.02275914857509047 0.0923479522839922
0 0.38445813489588154 0.9453389919709412 0.02440353573022023 0.09399233943912186
0 0.6014696517429091 0.7209099592929388 0.017501760515449584 0.0663619843961678
0 0.6405486776350484 0.24430319368910655 0.019719357756487456 0.07894387155129756
1 0.5965165581199157 0.6360436363621602 0.014008268317365591 0.05916696008590812
0 0.4059956201965605 0.9080813314100631 0.02160940637700648 0.08527575870642749
0 0.7609309401866629 0.5631870697629597 0.021817446291098365 0.07437920228399228
1 0.6344215083677429 0.24163189506858754 0.009695904567984215 0.03634693577564878
1 0.5624070675037116 0.16578536804479455 0.025736984396167804 0.015372694482076055
0 0.6045337760077402 0.632546822137809 0.022144994911617387 0.0806292022839921
1 0.7717135526928489 0.7909369335123413 0.021039518317365592 0.05953545228399211