0 0.7439643446053665 0.44284455056495925 0.02136701734563573 0.0908613573360908
0 0.9475485898711422 0.9380645018698696 0.051980670671545326 0.036537484006999674
0 0.6890752079090042 0.6622036252387316 0.025391446013681217 0.1010630606699543
0 0.6487234752546399 0.572060430577686 0.02052213267822687 0.08538351666931802
0 0.7640297545751406 0.6652371712285502 0.017197138009226974 0.0681596540022273
0 0.417858019971365 0.20604672127627538 0.01824201734563573 0.09082499466899989
0 0.8145564659055043 0.6865212778883233 0.03107782467377227 0.052698286004136105
1 0.7182552725970941 0.5040729519016863 0.017596580004772377 0.03535624466899989
1 0.9281900625398241 0.9234480185391878 0.02758010733609062 0.02063067333704538
1 0.6555638212524129 0.5883848645767313 0.009784080004772554 0.03526533800127254
1 0.4289318799729558 0.19420070194145725 0.009111918006045095 0.04463124733449995