0 0.92265625 0.9190340549606933 0.0203125 0.1029347833860946
0 0.5796875 0.1293671835570147 0.0296875 0.10555131802583091
0 0.69453125 0.5006775453937818 0.01953125 0.10369330133278361
0 0.19765625 0.5674699594877691 0.0234375 0.09911946159934022
0 0.640625 0.4764527837152993 0.0203125 0.10605978338609497
0 0.2421875 0.5875156865265156 0.01953125 0.09588080133278361
0 0.6 0.9291769669431096 0.0578125 0.0618384219450391
0 0.39296875 0.7684654728156042 0.01953125 0.0904120513327836
0 0.0875 0.9510797725322886 0.0265625 0.09784045493542273
1 0.3875 0.8112750984424248 0.01015625 0.04404551669304766
1 0.59140625 0.9078331643566848 0.025 0.02338367570596276
1 0.5890625 0.18823371819675078 0.0140625 0.03790917695960409
1 0.64375 0.5437312119285446 0.01328125 0.03398019490629274