0 0.15088929254726116 0.24201600237484922 0.04728861133812261 0.0735503646538925
0 0.23754388915285674 0.3827428216875831 0.02920623184962743 0.0530774123699004
0 0.3567933380213886 0.42491595432015705 0.027012472774441056 0.07873583163720585
0 0.31712789178513534 0.1278672139310955 0.03340337334017516 0.10328213025772479
0 0.41982304050415775 0.8675704438047074 0.04720225292686635 0.05870661465389233
0 0.30461619702182013 0.8017550932843092 0.020862466724316953 0.09559578301668666
0 0.21231208499632648 0.42389676616965916 0.028465888465485634 0.06006771879233561
1 0.3749029885871226 0.39975550203616494 0.013617593285945872 0.058508540818602836
0 0.5498631237329585 0.12894727781676246 0.016878948672140126 0.0821098151288624
0 0.34373323917629783 0.7903329144060653 0.020762472774441144 0.07840828301668683
0 0.5657062923508694 0.09062840626546495 0.019340873340175157 0.10254514586155702
1 0.40896280855633443 0.8548624038906159 0.018913626463433177 0.029107645861557074
1 0.3515230132785988 0.7938297286304167 0.007267599336070063 0.04099349219808381
0 0.3670632175098838 0.40485243781181374 0.023106222774441142 0.07853111374938138
0 0.36755864207972294 0.3196961878118137 0.023060770979043 0.07071861374938138