0 0.341079594889757 0.0274593848773614 0.0688597559839236 0.03986324021635422
0 0.847176392095556 0.5694202936904174 0.025220165178229337 0.11068358007211802
0 0.4353933986481605 0.9884032006310332 0.03277678561920148 0.02319359873793374
0 0.6135228650257294 0.2930350591736463 0.03410485590767376 0.12338360182361115
0 0.34739590406340326 0.6343087969214587 0.026964503134132123 0.11853244766329851
0 0.28445949296923667 0.6141040932742363 0.022422473498854244 0.12467334488975687
0 0.023912238316493157 0.12158471248093752 0.036411585106111186 0.08830008700597225
0 0.7903263268410768 0.5423298104079173 0.02580139342673604 0.10210801386770836
0 0.9476036582443751 0.1204398926642369 0.02482077488562524 0.12707164627652778
1 0.342816200416181 0.5717360617390975 0.013609211531007049 0.04794719072944442
1 0.4247643699628133 0.9726459047289934 0.013536476348645899 0.0448221907294446
1 0.6189545942241669 0.2580242795383686 0.016334821238402953 0.06440799211621533
1 0.3478023735751042 0.047917355242083626 0.029342661094166722 0.019422800436840304