0 0.5484116558720968 0.9291679023573607 0.030106218013999354 0.1037978004368405
0 0.6174280219207764 0.5690648973233675 0.022311899347544895 0.10517846248093754
0 0.3717364506285927 0.2717405281166664 0.026081789345954044 0.09355063145888894
0 0.9085562926480009 0.11631587813732562 0.019895424013363083 0.09887391109416668
0 0.16609333593254855 0.4928745649701387 0.022257355346908446 0.10049096248093754
0 0.6739052885900945 0.5482244140408674 0.018451102681408392 0.10899379350298624
0 0.2147944652689575 0.4690909196435415 0.022193720679499408 0.09502221248093753
0 0.5998994553230459 0.06179791119107588 0.05996589334022691 0.05216321846486116
0 0.06613298265436421 0.08906119357923606 0.024056212682999244 0.12083983007211807
1 0.3659955279678651 0.22813599848138857 0.013109074673772448 0.05263469072944442
1 0.5560428898790966 0.8774417481970481 0.012236918006045271 0.044804006933854265
1 0.6180916405951852 0.5120336473233675 0.013018168006045272 0.04482219072944442
1 0.5902335539863188 0.08701611673815923 0.02766192333704538 0.02798018284565975