0 0.03871367248329013 0.06996760200509068 0.0332000580349493 0.1120823766709089
0 0.36108273944339786 0.6837510280474068 0.026213672483290117 0.06982215133672724
0 0.33691853652129855 0.6865942173774525 0.026254582791715643 0.07216590133672707
0 0.4647047970746054 0.48968394939526994 0.019618799106495645 0.09474033533577249
0 0.2643749293765584 0.9606942413669529 0.034080719561190784 0.07303805800445459
0 0.23836879910649555 0.09728572203213488 0.02862560633066593 0.07375567333704529
0 0.2947345852207571 0.9547987773710892 0.02474662986961631 0.0752727200031817
0 0.22633599796810983 0.392398227363135 0.020345502028594885 0.09162442600254525
1 0.22209851136079042 0.4181249333624987 0.010015928165332966 0.03682783800127272
0 0.38254863635914277 0.6605680667170432 0.015989238635914303 0.06579772266868175
0 0.4544218620094136 0.5270566800604518 0.017660832791715642 0.0720659040022273
0 0.2782834707724162 0.9953998191836355 0.02207955154212753 0.00920036163272897
1 0.3034374293765584 0.9611487747055891 0.013867631087432298 0.03374829133513622
1 0.3671418246707455 0.6728862533815887 0.016552300324311542 0.05330681333545435
0 0.22378414772652383 0.11195674936345315 0.021785271103318314 0.08461135733609079
1 0.03749604586008469 0.04495851133831795 0.027789809252765297 0.07062158267027256