0 0.371875 0.62109375 0.02734375 0.0984375
0 0.165625 0.33671875 0.02109375 0.1
0 0.88671875 0.83203125 0.04609375 0.071875
0 0.6875 0.328125 0.01796875 0.10703125
0 0.21953125 0.37265625 0.02421875 0.09375
0 0.6296875 0.3171875 0.02265625 0.10078125
0 0.08984375 0.753125 0.02734375 0.11328125
0 0.6671875 0.98515625 0.05546875 0.028125
1 0.36953125 0.64921875 0.0125 0.053125
1 0.0875 0.80546875 0.01640625 0.04609375
1 0.6375 0.36640625 0.01171875 0.06640625
1 0.6875 0.38359375 0.01015625 0.03828125
1 0.6703125 0.975 0.02734375 0.0171875