0 0.7581871743931942 0.3709633034740632 0.027417791603125075 0.07091256525447917
0 0.8260604329425689 0.6117350802595494 0.043315548536979165 0.08299499116628475
0 0.6455143752875341 0.845943160047327 0.01775185087368065 0.05819435970739591
0 0.7112764600123956 0.3378228419430561 0.022293880508958353 0.05205346248093754
0 0.5045777440160764 0.05004616574691014 0.05338022634864572 0.045749564304548664
0 0.6976009393077423 0.9840003256068058 0.0292523953265972 0.031999348786388285
0 0.6711612594993053 0.2813903507767714 0.022512739266423765 0.09500402868534721
1 0.6325805770348952 0.7299544841355214 0.01935071846486114 0.05979322729857639
0 0.6381857585493748 0.25404594756638943 0.016589394376666712 0.07534549211621533
1 0.7941564695117009 0.6055207946403479 0.017770034669270983 0.058975609707395904
1 0.49413055328663197 0.06230977640423653 0.027852896276527872 0.022511432845659752
1 0.631881207162604 0.25624422720166723 0.007031903210381963 0.0337392203647223
0 0.6345054465259369 0.7815897193178826 0.026091680945798678 0.0810324476632985
0 0.6438629159407285 0.7489772410693755 0.01817007817225704 0.0761631097073959