0 0.06106143013758334 0.5823831320667472 0.02573909918169335 0.08946861374938138
0 0.3114037144358195 0.4287922218445533 0.02124257213985139 0.09469170228399211
0 0.13816219891154086 0.033069206806547916 0.026800602176918265 0.05287269448207603
0 0.115243054083684 0.01699714947960164 0.02573660998146656 0.022403944482076027
0 0.2163888587155222 0.2359695567611194 0.01961558475372307 0.07043200870642732
0 0.30236602033360205 0.39622870533620985 0.018189494009550167 0.07425637155129756
1 0.2474379620735668 0.2657732434412793 0.015327388837407164 0.05928979081860293
0 0.16536953965571372 0.03840848202131857 0.027073420688572547 0.06068519448207602
1 0.17512648557202973 0.027962304952097082 0.012247028855940556 0.03807321008590827
0 0.2276884572642434 0.2709996540021574 0.02117808475372307 0.07051389586155707
1 0.23696425354337905 0.251918783355371 0.015190979581579889 0.05538354081860284