0 0.5301340920086701 0.10766233740449671 0.056181381541796326 0.03968975600731781
0 0.7455011727881249 0.9502236494270866 0.03523882096198285 0.09565794533736352
0 0.7953312416839692 0.45192305677113154 0.029095236775233246 0.07060340133672707
0 0.8769584862105357 0.6738167854471311 0.0293150446536238 0.08778181066995447
0 0.6873080971291676 0.25938956409131403 0.021502544653623445 0.08769090400222712
0 0.7291070022073128 0.4542753500954501 0.017702710466873838 0.06266363200190898
0 0.6710648019814339 0.6909390087523597 0.025219078854490463 0.09788351666931802
0 0.6525235734516444 0.2519583247533142 0.020175263083592476 0.07830681333545444
1 0.681501044018339 0.7628867340865415 0.024733960466874018 0.06274544800286357
0 0.4882647964374135 0.9813630026953282 0.020425892065139804 0.03727399460934357
1 0.8442292861964183 0.688269636775904 0.01843845783603797 0.06189147266868176
1 0.6833449941030436 0.6739060500874959 0.02008425782192056 0.07674431333545435
1 0.6476085602974647 0.24799753075267789 0.010133134172632197 0.03993465666772718
1 0.5283818762095371 0.11779131540417856 0.02747255261671846 0.015934082670272565