0 0.16640625 0.81875 0.034375 0.0890625
0 0.31484375 0.18359375 0.0234375 0.08203125
0 0.3265625 0.79296875 0.02265625 0.09375
0 0.3796875 0.51484375 0.0234375 0.0796875
0 0.35078125 0.20078125 0.0203125 0.06875
0 0.253125 0.71953125 0.02265625 0.06171875
0 0.38984375 0.12578125 0.02578125 0.071875
1 0.39609375 0.5296875 0.01484375 0.05546875
0 0.54609375 0.76953125 0.015625 0.09921875
1 0.18125 0.825 0.0125 0.04921875
0 0.3953125 0.59609375 0.025 0.0578125
0 0.534375 0.73515625 0.0140625 0.071875
0 0.2546875 0.6796875 0.0296875 0.0671875
0 0.3828125 0.53671875 0.02421875 0.06640625
1 0.3828125 0.13046875 0.01328125 0.03984375
1 0.35859375 0.196875 0.0078125 0.0328125