0 0.3600074618571436 0.9440557986155479 0.06401763555165925 0.04292384400859035
0 0.8296452207823022 0.44025480521964155 0.02288016680124727 0.10258919800286356
0 0.4440130527599436 0.027187566637501343 0.03072389448011279 0.054375133275002686
0 0.6127405442418222 0.695071216581822 0.030897218343374888 0.11439885467059074
0 0.3629310535740177 0.3738251146165023 0.024579034495998985 0.11041987933640893
0 0.30481854464556396 0.39168532395768374 0.020781878651800322 0.11662442600254534
0 0.06408308158049023 0.8483005926559549 0.03344947402541769 0.08162271733768164
0 0.7768787309285718 0.465082629893414 0.023525049106495645 0.09478578866963616
0 0.9262148888046606 0.8593582465388696 0.022371652190750525 0.11820510733609098
1 0.3595781826328551 0.43166488661682045 0.012496045860084681 0.04466761000159085
1 0.43403803490303605 0.05899899860759363 0.012441498782184012 0.04154261000159085
1 0.6184177999238651 0.7278109912476403 0.015112531249588201 0.060319882001909166
1 0.36666656494139876 0.9205455732813661 0.02686250892845372 0.01749658267027243