0 0.40362105172143126 0.16467258402956983 0.013182046279135662 0.020040585969555113
0 0.04865080952597962 0.11978325939154018 0.03888145072563941 0.018747341406762617
0 0.4677703425582713 0.05806709836402586 0.012646332939624472 0.027040002471457925
0 0.3568526899258662 0.09879557463802965 0.011302087748947986 0.033226335475263546
0 0.21315476442797027 0.02740871148243724 0.012219747004775173 0.03716441897336074
0 0.08308286242853727 0.1898384328135252 0.009712305897782558 0.03238141847906917
0 0.4954761911069926 0.024869937793622104 0.013581350362819756 0.009134919467652325
0 0.06910715326537736 0.08004959733826164 0.010629965153609677 0.03631950197716636
0 0.08699658002921766 0.3912735988211364 0.008685519237293705 0.025318334980971892
0 0.11254218393541644 0.1621736892393158 0.015689487386128277 0.024823586463846727
0 0.11773317014041836 0.26614360623551014 0.01641617368379742 0.023292919961943957
0 0.09017362141421194 0.08012785178688593 0.010493555897782536 0.03241325197716636
0 0.10482639845605393 0.07526393825073265 0.012056055897782515 0.03247691897336073
0 0.3074528906515056 0.11394573075980916 0.009548614790789944 0.027693918479069168
1 0.36350199400955024 0.08814457612090443 0.006986609981466607 0.021348417984777556
1 0.10850944836338669 0.18073268825073266 0.0076314507256394215 0.01747400148287479
1 0.09445441596406712 0.38143568380210835 0.005987105172143137 0.015066584486680412
1 0.23390135108060991 0.4651315459691176 0.004315477767481468 0.011877917490486034
0 0.22781504218760248 0.4695643779843401 0.006287205534962759 0.023660334486680413