0 0.32890625 0.1359375 0.02421875 0.08203125
0 0.17109375 0.85078125 0.02265625 0.0984375
0 0.43046875 0.50625 0.02265625 0.053125
0 0.3734375 0.0765625 0.0234375 0.0765625
0 0.3984375 0.4359375 0.01796875 0.075
0 0.33125 0.71328125 0.0171875 0.08828125
0 0.3640625 0.153125 0.02421875 0.06640625
1 0.42109375 0.4453125 0.01640625 0.05078125
0 0.54765625 0.6609375 0.015625 0.0953125
0 0.2859375 0.76015625 0.03671875 0.05546875
1 0.36953125 0.0609375 0.01328125 0.046875
0 0.29609375 0.8 0.03515625 0.05
1 0.1796875 0.86875 0.0140625 0.06484375
0 0.534375 0.621875 0.015625 0.07578125
0 0.409375 0.4515625 0.021875 0.0671875
1 0.37109375 0.15 0.00859375 0.0359375