0 0.43984375 0.13125 0.04609375 0.03828125
0 0.16796875 0.6984375 0.03671875 0.078125
0 0.31953125 0.85703125 0.02578125 0.09453125
0 0.27109375 0.54296875 0.021875 0.0546875
0 0.35390625 0.5765625 0.02265625 0.084375
0 0.3203125 0.209375 0.0171875 0.0890625
0 0.5671875 0.90390625 0.01953125 0.08984375
0 0.36953125 0.6765625 0.01328125 0.0640625
0 0.35546875 0.2140625 0.01484375 0.07578125
1 0.37890625 0.59453125 0.0109375 0.05703125
0 0.5484375 0.86640625 0.01640625 0.08125
0 0.2234375 0.515625 0.0171875 0.07109375
1 0.36171875 0.21171875 0.00703125 0.034375
1 0.43515625 0.1421875 0.02421875 0.01328125
0 0.3703125 0.58984375 0.0171875 0.07734375
1 0.2015625 0.73515625 0.0171875 0.05625