0 0.4536699667524314 0.9296875 0.03128832722232637 0.10234375
0 0.38133383975885465 0.57421875 0.022730944813507035 0.10390625
0 0.6212262622521877 0.27421875 0.02714568787965277 0.0921875
0 0.08902874525034733 0.1328125 0.021022974448784804 0.09765625
0 0.8277893060395144 0.4890625 0.022621842039965402 0.09921875
0 0.3254104948690977 0.5546875 0.01969686379145843 0.1078125
0 0.7788244759673962 0.46640625 0.022494555470833434 0.09375
0 0.3930791591943056 0.071875 0.05977569671336811 0.05078125
0 0.9215314675149306 0.0859375 0.025420186929722276 0.11875
1 0.6264579696991321 0.23046875 0.012918880508958352 0.0515625
1 0.44545677003906325 0.87890625 0.012737042553055567 0.04375
1 0.3800246064763546 0.51796875 0.012737042553055567 0.04375
1 0.40223660685760426 0.09609375 0.027980182845659663 0.02734375