0 0.21526066496620438 0.8560239448936198 0.04318782885449055 0.09984037628012458
0 0.3370813129988878 0.14812189767974762 0.03105955517696728 0.09212658681758552
0 0.38862257025611113 0.8177063555863728 0.03022509727034208 0.10453558155591339
0 0.4293792889684287 0.5080436582736785 0.030877544653623447 0.08900158681758548
0 0.37806262876978597 0.16533251350711548 0.02702450256024873 0.07631957629424183
0 0.30424829928001085 0.7418788739316371 0.02817747888272546 0.06937933155591373
0 0.41620809990117796 0.08001736881113962 0.032766268345264395 0.08132559471009329
1 0.4491303468468191 0.5241390951336162 0.0199554552052021 0.06189305524755433
0 0.6285727360693615 0.7786460426580721 0.023512365686193526 0.10959480787839038
1 0.2321219412745636 0.8628808896460655 0.01642093152767874 0.054679794724210494
0 0.45179959151456 0.5968863503952881 0.031074965728545755 0.06565509207925721
0 0.6138431071584012 0.7410928347514469 0.020266268345264394 0.08059755261671846
0 0.30321714932236316 0.6972566186699652 0.03713524992941277 0.07612986049510884
0 0.4347416231551783 0.5328161451194988 0.030794244667740854 0.07420333944842135
1 0.40788736568619355 0.0852053977503348 0.016610647326811723 0.04456904735504663
1 0.38638336298477044 0.1601444845679203 0.010686871018452494 0.03643802893919519