0 0.32489995856333237 0.8359070113022572 0.015684835972519552 0.02925174211621524
0 0.30016908003351783 0.7104160488213196 0.019841138558944316 0.037936411094166546
0 0.9455952403000746 0.7293421139788897 0.01308267319868044 0.04714775693385427
0 0.7884884678010394 0.45477525902114646 0.011315584718878391 0.040080139342673606
0 0.6081153430321485 0.29287140501333386 0.011483069279472246 0.019004573138263935
0 0.9576296097251961 0.3111558116421883 0.02393760517284953 0.01773301386770836
0 0.545141633082161 0.40929453238816016 0.010329746239076343 0.033030705547083275
0 0.5175765742275301 0.45471548195131983 0.014281460345699059 0.034684124525034755
0 0.41744018190766213 0.4477004561157642 0.03255408722616089 0.018714285619201475
0 0.03210808715965383 0.4863557272985764 0.025841085972519596 0.029488131458888844
0 0.9186556894295095 0.39378582047590355 0.011892246239076342 0.03306707313826385
0 0.8883567724990353 0.29158688763024376 0.012423443652651401 0.024491506933854178
0 0.9070435541692703 0.6386619093817368 0.01271896034569906 0.03464775693385409
0 0.6977294239901033 0.36756424011944505 0.008517193652651401 0.024400587955902785
0 0.41688991561032596 0.5897788533422226 0.026971676959604098 0.014680749050069507
0 0.6610250458560001 0.3940351679311117 0.010352478292387701 0.03381195554708336
0 0.9250721401417901 0.667968202884723 0.013863923198680439 0.047165940729444425
0 0.8772397645814763 0.20466811587875072 0.015434783386094608 0.02065799211621524
0 0.9266821719450391 0.07934211397888966 0.007667747492717325 0.022038654160312497
0 0.8842352253228867 0.3914232334699313 0.012377979546028683 0.02292900693385409
1 0.32850233168287046 0.8523859964846183 0.012446175705962936 0.02527275693385427
0 0.8984341176427548 0.3964380417905563 0.011755853919208192 0.028379573138263937
0 0.9211692724990354 0.29235060704503546 0.011270120612255852 0.038517639342673604
1 0.8984498041692703 0.6384618876302438 0.006772837226160533 0.0181142203647223
1 0.9190267286215921 0.6748539825200007 0.006150711599340042 0.023564786569131968
1 0.9025676881758681 0.4043414607685077 0.0068637654394059664 0.0212392203647223
1 0.8863623634861197 0.27670677003906324 0.010656355172849529 0.017423889342673603
1 0.9175344924781527 0.08693640843180632 0.007508623119538172 0.0165699041603125
1 0.6558290804957363 0.40328288136197976 0.007645015439406144 0.021257404160312632