0 0.18055836047002108 0.15982978064183756 0.040768842152655346 0.09407090456798431
0 0.3690209899347764 0.8272706654221181 0.028722543532136414 0.08720675090451095
0 0.34757544210722685 0.19507231908559128 0.02851450361804462 0.09810330732694625
0 0.4174120658062309 0.4870008695151326 0.0285587692218769 0.08408175090451113
0 0.40479803765078426 0.8112262635676671 0.02481961555840364 0.07219922659425179
0 0.27580666270858467 0.26766329206179834 0.026794873360319826 0.06529080732694634
0 0.4495173954072718 0.8914803296010408 0.03049308344622812 0.07639208163720568
1 0.43456194425493344 0.4723175717991247 0.0186548247398008 0.058631371551297565
0 0.576188443011738 0.23120565015697014 0.021810802238563555 0.10398481512886235
1 0.19581486827193717 0.15361740219313508 0.015161332541716898 0.05143634724103805
0 0.4301776594292244 0.4035266282215598 0.028933905472495525 0.061507388059640886
0 0.5671343475797223 0.26656994007106194 0.01877433344622794 0.07577792797373259
0 0.27953917231952313 0.30915142921692806 0.03415367198083885 0.07190929952503015
0 0.4201309520568495 0.464549337402957 0.028603034825709094 0.0700601944820761
1 0.44224048394188253 0.886424337402957 0.015451259610938451 0.04210229081860284
1 0.4136374491161735 0.8163641429208809 0.009614017412854637 0.0347844357756486