0 0.8994029728141921 0.8664402523742684 0.05177673417168762 0.05850883346523687
0 0.6476614204612858 0.9935985306310764 0.06226422077900686 0.012802938737847214
0 0.3676150048745592 0.6579000458560001 0.028267096184396222 0.09842913981258547
0 0.2132213798729116 0.412660439033798 0.02585516233702041 0.09445469365265158
0 0.6900117508140742 0.36869175950040445 0.022194374187573373 0.10840353338609479
0 0.16145037419086875 0.37832489146193826 0.021989822645445932 0.09668478338609479
0 0.06735413190480177 0.7984578835443795 0.030170515421275513 0.11800585391920819
0 0.6315543685088258 0.3591743555020539 0.02131766680124727 0.10291205133278343
1 0.3654933973260773 0.6898858317493775 0.014976163554836396 0.052752926959604096
1 0.6379446903434929 0.39609769398185596 0.015126168019063257 0.06134667695960409
1 0.6889617195644862 0.42884800950040447 0.013209112012708957 0.04098871285298138
1 0.6440279058507892 0.9879813171013941 0.02767103246740401 0.019545621865896833