0 0.6569373224805526 0.9032145262308235 0.030407874264830957 0.08963238805964088
0 0.8649079477614364 0.1487361454072718 0.029705189393693134 0.10595675090451113
0 0.5682797727283798 0.5021699253717408 0.027166687584671046 0.05751925090451131
0 0.6059646426977976 0.9611637478791639 0.029299075644311934 0.07767250424167216
0 0.5995054392821517 0.5790123863621602 0.02370749491161739 0.08071108943912186
0 0.6869389987568045 0.28590419549812884 0.022881979307785016 0.09469170228399211
0 0.6196387183421097 0.8824582909301446 0.02950711555840364 0.07244488805964089
1 0.5750377057904952 0.5675459418800842 0.02083480042954129 0.05562920228399211
0 0.4527410611721335 0.33003489653892554 0.021728915083433976 0.10242231512886235
0 0.7371746941433918 0.23918300372958629 0.042133268317365594 0.060640928878243724
1 0.6090110775689352 0.9774250343445534 0.016723832541716988 0.04514993131089327
0 0.7284890909094599 0.19564104364367801 0.0403251068519765 0.05587154172311406
1 0.8573377872005583 0.12875451605405816 0.018446784825709273 0.06952792797373264
0 0.4646335515611951 0.37217813093509333 0.02062343848918218 0.08132856512886236
0 0.5886874479885791 0.5612107326986872 0.02720430913596843 0.07310330732694617
1 0.6124436940318502 0.8852147987320607 0.011381235300678938 0.038772572930778536