0 0.8597667371316742 0.9195980941179158 0.03700398139567866 0.09882936960011364
0 0.6792359889457729 0.8829860154394605 0.042844753628197195 0.08732887440943671
0 0.6016938977382636 0.35509168313280826 0.025138898456053837 0.07188492368379737
0 0.6885143737764647 0.0586680617185963 0.031180567330527965 0.08848214664195539
0 0.5495485551799923 0.3959275034585611 0.021604670688572546 0.06005704627913566
0 0.6906546717000628 0.6453768880347989 0.02202382213985139 0.09440476442797027
0 0.45057779792359814 0.5710490437472469 0.021215290288686007 0.0935962325768049
0 0.4676214541842004 0.5298784067239384 0.017571935116542647 0.07864335517214319
1 0.5678818929289402 0.36251480273292164 0.02057788402808356 0.05299851442797028
0 0.6536755823066523 0.07314971316987512 0.027837312521204537 0.08212301923729368
1 0.6946526909373565 0.6202677606301371 0.012683538474587409 0.05038194591631608
0 0.9383804537208643 0.003291728093779034 0.019332842558271324 0.006583456187558068
0 0.6637647563689679 0.9014731206116038 0.029744552902557685 0.06970486479078986
1 0.6485342145206375 0.06396568612803312 0.008422624409436886 0.04008928666048885
0 0.6686036670603754 0.015035917882606706 0.02060516587924912 0.03007183576521341
0 0.5766938977382636 0.3559647023701019 0.029799116604888452 0.07126736479079003
1 0.8550693134478766 0.9423907533737431 0.020605165879248943 0.05377976442797028