0 0.3530576270335378 0.6325868036655509 0.029089256492821746 0.10015908128389342
0 0.1479606185088259 0.34152040036934234 0.02366141680124727 0.10247101502711464
0 0.8758563786583909 0.8512752546753821 0.04815685633066593 0.07371021077238851
0 0.6809503965120032 0.334463962815492 0.02065914772652384 0.10948408430895543
0 0.20202082711296807 0.37777606293712895 0.026663685875970698 0.09545794574527386
0 0.6217663112846555 0.32318102917046654 0.02444266680124727 0.10247556020665449
0 0.06321210268380859 0.7652891775949012 0.030143241882325155 0.11578862646343317
0 0.6482926659970589 0.9948231832522421 0.05649546185055314 0.01035363349551588
1 0.3509905665629566 0.6614839633064713 0.013440937093786687 0.053978972872636886
1 0.05992741559002186 0.8191817920562819 0.018005706168510206 0.04697499394987581
1 0.6286924212687695 0.3740077309658646 0.013686398944339827 0.06804147287263698
1 0.6799412755708405 0.392276462815492 0.011619338473758489 0.039126132513557364
1 0.6514585763054844 0.9925294302271798 0.02845228246740401 0.014941139545640424