0 0.165625 0.803125 0.0359375 0.08359375
0 0.315625 0.19375 0.0234375 0.0890625
0 0.37578125 0.528125 0.025 0.08125
0 0.328125 0.80625 0.0234375 0.0953125
0 0.35078125 0.20703125 0.02109375 0.06875
0 0.3875 0.615625 0.02421875 0.05859375
0 0.25 0.65234375 0.03046875 0.0640625
0 0.54921875 0.79609375 0.01796875 0.09609375
1 0.39296875 0.546875 0.0171875 0.05390625
1 0.1875 0.80859375 0.0140625 0.04921875
0 0.53671875 0.75859375 0.01328125 0.0734375
0 0.25234375 0.69296875 0.025 0.06328125
0 0.38046875 0.5546875 0.021875 0.06328125
1 0.38828125 0.1375 0.01640625 0.0390625
1 0.35859375 0.2046875 0.0078125 0.03671875
0 0.39765625 0.13671875 0.034375 0.071875