0 0.11599078054960799 0.5835366946765232 0.02352607970431344 0.0844532544486242
0 0.3526139053184988 0.4351787436113904 0.019756222024181546 0.08898158695813833
0 0.18703098706787627 0.05064062304142418 0.026469223277822706 0.07833058844101308
0 0.16487484224072574 0.0325299515966055 0.0249378155185485 0.05251750494291587
0 0.2616803314201731 0.25391947334543535 0.018315742478152597 0.06629350346004106
0 0.34412545539764106 0.4043279916342241 0.0168669027447093 0.07013608646384668
1 0.29057220955427615 0.28247289627312877 0.014113975785105204 0.055978085969555204
0 0.2126076485880742 0.05872237847863163 0.025619777117888633 0.07595500494291588
1 0.22131505885463093 0.05516629695770079 0.011429244985435006 0.04416383547526355
0 0.2724443351810968 0.28720947581689327 0.019878242478152598 0.06635717045623553
1 0.2808024044605689 0.2687778107978652 0.014000315518548412 0.052071835969555204