0 0.9992436088851582 0.9455180188202614 0.0015127822296836513 0.10896396235947706
0 0.6166269940095501 0.09845862950439585 0.035151304716656284 0.11299208992388783
0 0.7522520469969259 0.4971746552075584 0.024940491014325338 0.11101575444862437
0 0.22556555062512293 0.5615290434976596 0.028655768056167298 0.10570617193911022
0 0.6943750596107977 0.47063205984646306 0.025803586567821668 0.11339133794672165
0 0.2731771606065895 0.5845328033834913 0.024667672502671056 0.10320325444862419
0 0.6683483391845284 0.9540374674511174 0.06395586179556503 0.06657734634967838
0 0.4406895867374576 0.7793717539915137 0.02444941769334754 0.0969532544486242
0 0.12092026767764921 0.9585274244105684 0.031126003628197108 0.08294515117886334
1 0.43683046595621794 0.8252426695048334 0.012574411069925517 0.047320668973360826
1 0.6581548836495654 0.930217965473951 0.02740823738612832 0.025301088935304604
1 0.6282118239539498 0.1621218814815622 0.016235124409436707 0.04044858646384673
1 0.6999827080668515 0.5418531438388519 0.016098715153609788 0.03654233646384668