0 0.2265625 0.45625 0.0234375 0.06171875
0 0.31796875 0.87109375 0.02578125 0.09453125
0 0.45625 0.1015625 0.0515625 0.04375
0 0.16875 0.6609375 0.0296875 0.09375
0 0.3234375 0.21171875 0.01484375 0.0890625
0 0.2890625 0.471875 0.0125 0.0640625
1 0.20390625 0.68359375 0.0203125 0.05234375
0 0.35859375 0.21328125 0.01640625 0.0765625
0 0.5734375 0.93203125 0.0203125 0.10703125
1 0.45625 0.1125 0.02421875 0.01484375
0 0.35390625 0.5984375 0.01484375 0.078125
0 0.371875 0.69375 0.01875 0.06796875
0 0.56015625 0.903125 0.015625 0.0796875
0 0.36875 0.615625 0.01171875 0.071875
1 0.37890625 0.6 0.01015625 0.05390625
1 0.3640625 0.20703125 0.00703125 0.034375