0 0.6828125 0.14765625 0.04296875 0.0796875
0 0.45390625 0.61640625 0.03203125 0.09609375
0 0.59453125 0.18515625 0.05390625 0.06484375
0 0.18515625 0.04296875 0.02421875 0.084375
0 0.85546875 0.93125 0.025 0.096875
0 0.096875 0.48203125 0.02109375 0.10703125
0 0.1390625 0.03203125 0.021875 0.0640625
1 0.61484375 0.209375 0.028125 0.040625
1 0.1390625 0.03046875 0.01796875 0.0515625
1 0.1109375 0.52265625 0.0171875 0.06796875
1 0.45078125 0.66796875 0.02265625 0.03125
1 0.69375 0.18828125 0.01875 0.04765625