0 0.9304521398686632 0.07960933293421332 0.04076219810012063 0.1220749878997516
0 0.7474216338757694 0.1339963302037388 0.04521068068726617 0.08773634933607007
0 0.6773170895506635 0.6740486375817228 0.026464002713533396 0.07278806020665449
0 0.7715362375599272 0.9647508699468785 0.03279588986866315 0.07049826010624294
0 0.623666467094855 0.6339049057320955 0.022683905472495526 0.06026987948849509
0 0.7632391429208809 0.37620201092189803 0.02378606004047974 0.09620283430895551
0 0.5207451057203227 0.4583594841873184 0.022922922885349983 0.09463578912941557
0 0.537758865331261 0.49985209259857477 0.019019994911617388 0.07977385841125635
1 0.6433957909301445 0.6676031948615111 0.022315413274411534 0.05323862948849527
0 0.7360524389394081 0.9593797110867726 0.0301212692218769 0.0812405778264548
1 0.767674337402957 0.40122019164005723 0.014380082541716988 0.050849427693097124
0 0.7316361815917773 0.11594122179248242 0.03176897840327406 0.06969487646343313
1 0.7302937618701867 0.9695793061996337 0.009160316033373483 0.040665906615858206
0 0.6531392831282284 0.6746889870159889 0.031891809135968605 0.07203862646343318
1 0.9238369696968467 0.057702516677434645 0.02243492198083885 0.07042158430895543