0 0.60078125 0.15703125 0.02734375 0.0984375
0 0.59140625 0.89609375 0.05546875 0.06015625
0 0.41015625 0.78671875 0.025 0.0984375
0 0.65078125 0.49765625 0.01796875 0.1
0 0.7078125 0.51953125 0.01953125 0.1046875
0 0.92734375 0.92109375 0.0203125 0.09765625
0 0.26015625 0.62265625 0.01953125 0.0953125
0 0.21484375 0.60703125 0.0203125 0.09296875
0 0.10390625 0.9734375 0.02421875 0.0515625
1 0.709375 0.57265625 0.01171875 0.0359375
1 0.65234375 0.54921875 0.01328125 0.04921875
1 0.60546875 0.203125 0.01171875 0.040625
1 0.3984375 0.828125 0.009375 0.04453125
1 0.58046875 0.871875 0.02421875 0.0234375
0 0.7078125 0.03125 0.01484375 0.06171875