0 0.9431343637914583 0.06400218652227384 0.017842116641249815 0.02892552067816443
0 0.44962859165871566 0.5007168600103599 0.03005117591180557 0.017007717535011225
0 0.655418117875521 0.1689081261404104 0.016879028685347207 0.021076633374611475
0 0.589741179330278 0.3041414588530681 0.010974520801562448 0.03562928494618811
0 0.9639755002843404 0.15297264123700355 0.01631598423243048 0.030415246071058544
0 0.4468094501318406 0.345992972706807 0.030905161094166543 0.020169104838564246
0 0.9751383911456255 0.5317697293263448 0.015680204597152782 0.03662885876750579
0 0.718447407578785 0.28954380376683486 0.010302373575104084 0.04028039764263518
0 0.9957133865397398 0.5666156102197568 0.008573226920520228 0.04912885876750579
0 0.327647101726702 0.6362263285788285 0.0172972559839236 0.03904538337461148
0 0.8518606260436462 0.3427693494663899 0.01113817496187508 0.042660534946188114
0 0.5605634788171878 0.3610293136916323 0.01575293977951393 0.03975385876750561
0 0.9893775034184724 0.2698861594339686 0.011755770801562449 0.03566567224974104
0 0.35094239741388955 0.7970353959900054 0.017133601823611143 0.032014133374611474
0 0.7560376733463544 0.2580733258927414 0.010738131458888845 0.025473034946188022
0 0.040905595458437846 0.4133882578578829 0.024092116641250015 0.029216619106587773
1 0.3242318142076394 0.6575020150965931 0.014498911094166723 0.01940497146395277
0 0.9945421382263456 0.15851201179133348 0.010915723547308787 0.03889983416039979
0 0.9510053344405212 0.26776288730806214 0.007685866641249817 0.028452485731976295
0 0.9675025034184724 0.2709050039334506 0.008630770801562448 0.035520123035529316