0 0.32421875 0.14921875 0.02578125 0.08828125
0 0.33046875 0.73671875 0.01796875 0.0890625
0 0.38046875 0.0921875 0.02421875 0.07109375
0 0.16953125 0.84453125 0.0234375 0.09921875
0 0.39375 0.45859375 0.02109375 0.08203125
1 0.36796875 0.1640625 0.00859375 0.03359375
0 0.27265625 0.740625 0.03046875 0.065625
0 0.546875 0.690625 0.015625 0.09921875
1 0.17890625 0.86328125 0.0125 0.05859375
0 0.42109375 0.53125 0.0234375 0.053125
0 0.28125 0.78359375 0.03515625 0.06796875
1 0.41015625 0.47109375 0.01640625 0.05390625
0 0.36171875 0.16796875 0.0203125 0.0703125
1 0.36875 0.0828125 0.01015625 0.03515625
0 0.40078125 0.4765625 0.02109375 0.06640625
1 0.53515625 0.65390625 0.01328125 0.078125