0 0.6238711008726648 0.9042680139063517 0.05583084733826169 0.06919041327441136
0 0.1677431176785788 0.9563399013454095 0.031131936273566297 0.08732019730918097
0 0.7123115183631509 0.9128008881711824 0.047743774714579246 0.11943939676606803
0 0.11603603764052273 0.9704491584689423 0.02598417984777566 0.059101683062115384
0 0.8645811062355101 0.1536726288989284 0.050122016805914174 0.08214411465389256
0 0.4032867564629717 0.4460073773170487 0.06118950939154022 0.04764296189493056
0 0.04261585330694173 0.49103111374938135 0.030492607718384978 0.11697613805964088
1 0.0545919298849567 0.4596959045679843 0.019462265817330793 0.07585981512886235
1 0.641029425967805 0.8661881597679086 0.027355678859192524 0.0591226944820761
1 0.11460087163291151 0.9738513581240721 0.016322678364900912 0.05229728375185587
1 0.40040449558855673 0.39440393373948385 0.02729467045623544 0.019360831637205856