0 0.14765625 0.18359375 0.015625 0.025
0 0.6015625 0.55625 0.0265625 0.0140625
0 0.409375 0.26640625 0.01484375 0.01875
0 0.0875 0.69609375 0.01796875 0.0484375
0 0.06640625 0.26953125 0.01328125 0.02890625
0 0.47109375 0.38515625 0.009375 0.03125
0 0.13125 0.265625 0.0140625 0.0265625
0 0.60078125 0.41640625 0.02734375 0.01640625
0 0.12890625 0.60625 0.01328125 0.03203125
0 0.35546875 0.37734375 0.00859375 0.0359375
0 0.1078125 0.63828125 0.01328125 0.04375
0 0.71328125 0.67265625 0.01484375 0.034375
0 0.2359375 0.43125 0.00859375 0.03828125
0 0.4984375 0.43515625 0.01328125 0.03515625
0 0.01953125 0.5484375 0.00859375 0.03515625
0 0.1109375 0.37109375 0.01015625 0.03125
0 0.69609375 0.81875 0.01484375 0.028125
0 0.3203125 0.35078125 0.00859375 0.021875
0 0.0921875 0.06015625 0.00703125 0.02578125
0 0.96640625 0.4609375 0.02109375 0.025
1 0.7171875 0.69140625 0.0125 0.01640625
0 0.10234375 0.27109375 0.01171875 0.034375
0 0.1453125 0.36796875 0.00625 0.02578125
0 0.13046875 0.37109375 0.00703125 0.03203125