0 0.3990489169304743 0.12001086290133485 0.03277905925034226 0.10763271753501132
0 0.4333322356812211 0.9228640351510758 0.062065742478152684 0.06842682237357564
0 0.6259934456312086 0.8140284983428611 0.030435309250342258 0.1075235556243527
0 0.3558949281467384 0.4870313889561828 0.021909755410276333 0.10946704528527036
0 0.29488087179938993 0.5083755419755014 0.024412629783455753 0.11504495719592907
0 0.06928410754711796 0.9332149143918581 0.025747809250342302 0.10730523180303493
0 0.7840690554229116 0.6427271947854231 0.024117113090408183 0.10488870719592906
0 0.8320291823033734 0.6285769576057045 0.024807434877163102 0.10180009449948209
1 0.2942192937444291 0.5660788800648426 0.014417852665567032 0.03968108416039975
1 0.35596913598515484 0.543208614349077 0.01638952962517113 0.05381635876750579
1 0.3957935362890887 0.16901128908001728 0.014576977038746363 0.04514983416039979
1 0.640570422669955 0.8591783325032608 0.010784387305303155 0.04887414764263483
1 0.4435195779219468 0.8975922074008169 0.026531407759274296 0.026982031017246656