0 0.8560885031955333 0.5981502546753821 0.01960684471009344 0.02822953912941557
0 0.9188020638459339 0.7290280708339649 0.035467063140062295 0.01894998789975162
0 0.367514037678749 0.8821237162333375 0.03624831314006212 0.01895453307929138
0 0.8527444243410427 0.6958201402140015 0.016110118387616622 0.03523806323171659
0 0.4630008429263034 0.8662674329576545 0.014866136803468067 0.040697722872636885
0 0.4939470060381307 0.8179935594210874 0.01193085260260105 0.03052783733401725
0 0.6564084796591843 0.7525099808676687 0.00963260523343692 0.031295451795398145
0 0.6100571244257473 0.7835009056338996 0.01234037628012441 0.03755908733401743
0 0.9039484214984453 0.4741678540114521 0.00797909997176518 0.029723861436318444
0 0.8851481296874191 0.7835383088319123 0.013720865756780398 0.03444317769309713
0 0.7740326793203659 0.39682358313060506 0.008532836817585477 0.025822156615858204
0 0.5683771296168321 0.7074514900410509 0.01147582629424182 0.022715337334017604
0 0.7415276613280375 0.8475684716942865 0.01288640785015538 0.046934087334017605
0 0.8872482269577613 0.6803905829342133 0.011832142065139805 0.04224204215447767
0 0.8646081165332395 0.7873263841638773 0.01427460260260105 0.030541472872637067
0 0.84953685337906 0.791146275752621 0.01588260523343692 0.03133181323171659