0 0.9873454638956465 0.02372630796715927 0.02530907220870695 0.04745261593431854
0 0.7489303201656036 0.582341742103164 0.023215307083396475 0.09622556020665449
0 0.7070892955723233 0.25447127215739335 0.02560450887879462 0.10405169574527387
0 0.8049000816766767 0.22734062471491728 0.02153008723582168 0.07512271984757479
0 0.4178843323640479 0.6834831030485032 0.022429511903856537 0.09543976502711474
0 0.6588376270526083 0.3570922781093217 0.024691448672140126 0.08139090056573402
0 0.7807676900879331 0.21263777528065134 0.017632927594901204 0.07666249394987582
0 0.7228768802740622 0.49499627820751757 0.012036912567786651 0.054755677693097124
1 0.4248110432346322 0.7014109464326449 0.010406234874689524 0.043027837334017605
1 0.665923419207086 0.3476763714934634 0.013526689695149585 0.042264768052176736
1 0.987236379586691 0.0395673930616816 0.025218168617910663 0.037645445745273884