0 0.32578125 0.6991033080442252 0.025 0.10497840133672724
0 0.27578125 0.41258400537077106 0.02109375 0.10102669800286357
0 0.2078125 0.7196056173615442 0.03359375 0.06914089867122701
0 0.3734375 0.5980953387173613 0.0140625 0.08766363200190899
0 0.61875 0.23610605808399612 0.01640625 0.09706590400222712
1 0.30546875 0.4996482007081345 0.0109375 0.05168976933481808
0 0.03828125 0.9574766926718634 0.053125 0.06702441534054486
1 0.24765625 0.7200692413669529 0.01640625 0.06972215400222712
1 0.60859375 0.21958162941595077 0.00703125 0.04148806600095449
1 0.3625 0.6081243193825432 0.01015625 0.04699317866804531
1 0.05078125 0.9396533933402269 0.02578125 0.027643742003499838