0 0.6561087448121585 0.8242137053653268 0.05218254809323426 0.0642460384745874
0 0.22454377548219756 0.9198511646133047 0.02921876324684387 0.09933780108845909
0 0.7398389040679856 0.8252007972906259 0.04449902286549072 0.1123561562606021
0 0.17625260842182205 0.9481324212367266 0.02514882213985139 0.09451389183263217
0 0.8879042824841376 0.09258172633190102 0.04639633956304649 0.07730903366526398
0 0.4499430133316619 0.4082415089008567 0.05772321996293304 0.044151793283910834
0 0.10907496587139989 0.4803744915624796 0.02881945916315991 0.1102480192372937
1 0.12051097367594821 0.4494692319438327 0.018107648456053928 0.07163938702330838
1 0.6720139978073834 0.7868947546396874 0.025347229581579887 0.05550595553496276
1 0.1742263169520098 0.9349057349390575 0.015190979581579977 0.055151291469812236
1 0.4474702885594054 0.3598312907520221 0.02560020072563951 0.018060519237293703