0 0.46166289219246526 0.09381079149597144 0.04622168977951393 0.041437227498762816
0 0.3527885467340274 0.5034547071452321 0.0274535059839236 0.039673331637205676
0 0.1518962343293398 0.5985237884437538 0.045313153210381964 0.03592753392119796
0 0.38176165302295073 0.8045568617132165 0.021730836056041803 0.06200203301668665
0 0.6821759610592354 0.9947525148397631 0.03657393284565984 0.01049497032047384
1 0.6863367841974992 0.9931474102490643 0.017496624525034754 0.013705179501871357
0 0.4240030511993396 0.8380587584792846 0.011283645326597203 0.048969766508343324
0 0.35197158235322884 0.47134156999010235 0.027362587005972293 0.035767081637205676
1 0.347883494397326 0.47894935210227807 0.017623911094166722 0.019650758706427317
0 0.47507142876159714 0.08903808231457432 0.04309668977951393 0.041273453188503305
0 0.4925128486894791 0.11263603459856646 0.02768924211621524 0.016276775214770646
1 0.5015430097836457 0.0943364139517801 0.013881315254479176 0.026477290818602884