0 0.5769667493670279 0.09558409615662104 0.036240089563046494 0.07734590405277593
0 0.3448164151614589 0.3778294776692057 0.0360119110699257 0.04847604135632881
0 0.3395237360353659 0.5293919776692058 0.04376984736759475 0.04727741439185813
0 0.3493848640729998 0.40335601654433517 0.04231647477225655 0.050329639784752266
0 0.360198334584087 0.5627481331697237 0.03773810217691818 0.05323631596343468
0 0.3228570804077358 0.44827041025802894 0.04586806070710594 0.040355326302517015
0 0.38345229610949966 0.61158373945603 0.031297129218760225 0.047476467535011224
0 0.44558528539454445 0.21714022663574842 0.014283244009550344 0.07398330955329388
0 0.47839035091097387 0.17115348449363127 0.03880952885594056 0.039246590570540585
0 0.9558779446503717 0.18947306741568598 0.044868555897782866 0.034068938998964036
0 0.3195063911148418 0.4102074840793465 0.034613102176918265 0.05309076674922295