0 0.2296875 0.31484375 0.021875 0.12734375
0 0.46953125 0.11953125 0.0234375 0.12109375
1 0.44765625 0.1453125 0.01328125 0.07890625
0 0.8859375 0.58671875 0.01796875 0.096875
0 0.4703125 0.64765625 0.01875 0.1125
0 0.92265625 0.59375 0.0234375 0.109375
0 0.93671875 0.48359375 0.02421875 0.1078125
0 0.4890625 0.61015625 0.021875 0.10234375
0 0.68046875 0.20625 0.0375 0.09921875
0 0.14453125 0.54375 0.03125 0.109375
0 0.59609375 0.165625 0.046875 0.08515625
0 0.6203125 0.17421875 0.04296875 0.08046875