1 0.3750355872592378 0.40522658605186124 0.029097164772652385 0.011273854670590744
1 0.4770287353927987 0.4712703040658607 0.030028419236879246 0.019876695337363515
0 0.4861310000032953 0.4870043920671333 0.03875853693163087 0.02778919267186346
1 0.002742042412626729 0.5657159066677272 0.005484084825253458 0.014235222668681758
0 0.5757142824739947 0.9506407254137235 0.03707330600635448 0.020739761338317918
0 0.01717273518845632 0.5276255606699544 0.03434547037691264 0.02232044267186346
0 0.01595466497781857 0.6455670386696362 0.03190932995563714 0.02392839600572714
0 0.0028623526805132945 0.5829034066677272 0.005724705361026589 0.03143181333545435
0 0.025707743103436438 0.4074130580044543 0.03786819277582959 0.02153010200509069
0 0.46310260308755036 0.4632941720639517 0.035701720779006865 0.031659080004772376
0 0.354982185879266 0.39014647871577046 0.039457966314779915 0.023110783338636143
0 0.5040861132338201 0.48799472740290584 0.03178183400953163 0.03083237667090888