0 0.3859375 0.5953125 0.046875 0.02734375
0 0.3609375 0.65078125 0.03671875 0.02421875
0 0.3109375 0.9671875 0.05234375 0.065625
0 0.42265625 0.55546875 0.0265625 0.0609375
0 0.415625 0.51640625 0.02421875 0.065625
0 0.3578125 0.61171875 0.03828125 0.046875
0 0.3734375 0.5734375 0.0421875 0.034375
0 0.396875 0.5578125 0.02734375 0.04609375
0 0.3765625 0.496875 0.0484375 0.021875
0 0.41640625 0.98828125 0.025 0.0234375
0 0.371875 0.5296875 0.03828125 0.0546875
0 0.3890625 0.51171875 0.03515625 0.0296875