0 0.364997642470655 0.5175744574338793 0.03975521879233561 0.02946181070710594
0 0.53420574513876 0.36538201877395754 0.040867339439121866 0.020922624409436884
1 0.5115528171650274 0.37946187694132555 0.027340427973732772 0.01577133293962456
0 0.34143731173796044 0.5190997518989166 0.03210981512886235 0.01749752404661713
0 0.841621018205824 0.622661327751783 0.0452649123699004 0.030434033665263982
0 0.830860580621153 0.6786385092401287 0.042262743102595125 0.032668656260602266
0 0.8323965044110142 0.5597248181331361 0.04033175090451095 0.025582842558271323
0 0.8347546217784402 0.440057158877309 0.03876925090451096 0.025528278855940556
1 0.8423989461795568 0.6078175777517829 0.024215427973732773 0.015662205534962937
0 0.24050009498178976 0.921785753080043 0.03626172659425162 0.022321433302444404
0 0.39015477272837984 0.48558041296884225 0.03868736374938138 0.023965778855940555
1 0.3777399819097769 0.4984524352013608 0.02647729081860284 0.014181551088459088