0 0.5510935415657258 0.48314677691225133 0.02900044933804615 0.053735831637205675
0 0.5659394456185017 0.4488569860936484 0.0373031009096227 0.04793621099041943
0 0.5896145401179838 0.425794622344267 0.037266713606069854 0.04715496099041942
0 0.46538309739496614 0.06445540988350956 0.02680224855225788 0.05673800090451116
0 0.6031548093484062 0.35260610583592367 0.03782963978475227 0.042508404567984305
0 0.6087348753118409 0.31646388794809927 0.03366867865988184 0.03683493668015991
0 0.5845525126153939 0.31695188885261044 0.042517139784752266 0.042754066033373485
0 0.5832639944184287 0.29441846958530504 0.03686645326698752 0.038561210990419426
0 0.5244348039717227 0.28581143148023563 0.015791973945152193 0.054602290818602836
0 0.12729443837979146 0.1951786239261467 0.04609590405277593 0.03592753392119792
0 0.4009803031431531 0.0022231620312161402 0.01991439371369381 0.0044463240624322805