0 0.5859956594249502 0.9038678050402931 0.02891486621110371 0.1345068102066545
0 0.8139621858940828 0.6977985704601911 0.029696116211103886 0.13451135538619424
0 0.39235051323005715 0.8401330788480064 0.03389131058675128 0.10719942164297294
0 0.07552246236321558 0.4973517229708328 0.030802697890304164 0.10796249092481372
0 0.36247892265951653 0.8027967053114395 0.03296451137253955 0.10406987646343317
0 0.1278255169541108 0.4290602652235064 0.02905826137253955 0.10404715056573402
0 0.3440307913518197 0.977169991415793 0.02462116439185813 0.04231931020665449
0 0.3189429383752823 0.7405330546475095 0.03418240901517464 0.11344942164297293
0 0.8640926567388633 0.465412796456086 0.03596323283649241 0.11814601200205246
0 0.5179389406515938 0.3822473350945223 0.027168275640563167 0.0970068102066544
1 0.8153170165398261 0.5758826638443328 0.02324275496239849 0.07980112948849527
0 0.5307450016526298 0.338410976683266 0.02954841294411601 0.09780169574527386
0 0.6050709911041506 0.877187130372258 0.019009019230422374 0.07274715359079593
0 0.08874374627594636 0.412095479020957 0.03347393362228053 0.11500737646343318