0 0.49155544358331316 0.6295654899347758 0.01733355032431163 0.0533159040022273
0 0.504881558031654 0.5872143579328667 0.024351163554836398 0.0526164700031817
0 0.5062570973989169 0.5317183359325485 0.01895059740221221 0.056459085335772485
0 0.5407781477232285 0.5844524372613215 0.01973184740221221 0.05646817600254543
0 0.4726554391190863 0.6211899159373211 0.019704573863261743 0.05490567600254544
0 0.5281241891190863 0.6205444785964577 0.01955456939903506 0.04631192600254543
0 0.5314968307598255 0.455628003262276 0.01189207386326192 0.05481476933481808
0 0.5062962333576133 0.3996598139322304 0.013318206168510116 0.04702045066836362
0 0.5221394216692159 0.4119780005967759 0.012850601866439071 0.06498011000159085
0 0.5910961530015296 0.2439541592536855 0.015303446022240407 0.07125738200190898
0 0.611065959414921 0.08978427991727653 0.02144435186643907 0.06508010733609079