1 0.4488366784020819 0.4582951099808186 0.027757585475263368 0.010633536931630872
1 0.5465685242574688 0.5193337958567894 0.028075920456235436 0.018446036931630872
0 0.5557671107213155 0.5343275503210163 0.036174921939110406 0.025613654626382674
1 0.10273229402913231 0.605269926947517 0.023165585969555112 0.012895466314779825
0 0.6646817846747732 0.9656105523496112 0.03513900395433271 0.01935001785690744
0 0.1207992031166613 0.5696733461843962 0.036765170950527094 0.020939791395857908
0 0.12291214285026872 0.6790074358759707 0.03995383794672147 0.02255683847375849
0 0.09474338049297903 0.6199636724832901 0.04339717292769345 0.03042388555165907
0 0.12405951288876231 0.45809096387914794 0.03595208745242991 0.020144904626382677
0 0.533782022774594 0.5120843575451867 0.03399033942959626 0.029478994317956975
0 0.4287324254363325 0.44389169074393936 0.03757825444862419 0.021734678165332966
0 0.5729864442194128 0.5354088092494701 0.030052255931499162 0.02862956047058134