0 0.1825372254052287 0.1700665394240032 0.023549116604888544 0.0704352198475748
0 0.48854175497895946 0.6535410729942739 0.03624752404661713 0.03145453307929138
0 0.8052927122432028 0.3930519831261736 0.02682788402808356 0.052489195745273956
1 0.19497522721932725 0.2129716569104459 0.008385418874473994 0.016451701795398142
1 0.4567560416394484 0.6607586753554061 0.01497272477225664 0.04851476805217665
1 0.8186731659640671 0.37343891989445704 0.016989092558271322 0.03915340359079611
0 0.7506374062606023 0.0362661728213233 0.03934524219545175 0.030691463797450635
1 0.7738839333024442 0.030661067435129037 0.026354168874474126 0.01655624092481369
0 0.48586069908117685 0.6215189133533535 0.03667410998146643 0.02130282825883114
1 0.5094990957231322 0.649512103146699 0.029025301088459087 0.025944876463433176
0 0.5046404701325692 0.6893922145830176 0.03990823738612832 0.024446008976990542
0 0.46067221532324576 0.6833967446372469 0.020959829944399645 0.06339033430895533
0 0.13236858901489232 0.27741140681225 0.029144352176918263 0.05172158128389333