0 0.35607526458777944 0.6662201793203659 0.02883540818602892 0.13408657366340596
0 0.5373561578473447 0.06060867419986837 0.03402087516934209 0.11413809471009326
0 0.10456807553277032 0.560923547496221 0.03331486827193717 0.1452515868175855
0 0.773040273067064 0.20031810337905992 0.027071512324472025 0.1152910710325699
1 0.3289262663968017 0.6195117792921311 0.022762470601357877 0.07765456314006229
0 0.5622809147447496 0.09031158475144693 0.0316361815917773 0.11322033681758552
0 0.14165415422930003 0.18023498961783063 0.02867163387576941 0.1309615736634059
0 0.6850611589789984 0.45234260593930864 0.03463502883281535 0.12585684471009326
0 0.597968436229934 0.80634683745287 0.026945359565509898 0.12774556840173404
0 0.7097612658309749 0.3971622822759028 0.031223423789861114 0.1202060841867496
0 0.7456069968362407 0.9021158218090288 0.027279552238563553 0.10439907366340577
0 0.984552062415329 0.027856358358383092 0.030895875169342092 0.055712716716766184
0 0.6964767780439051 0.9330164822900201 0.019644114653892687 0.047876057878390554
1 0.06380803595736285 0.3280802263930639 0.033822801334052466 0.08063534997176518