0 0.4079831332991242 0.5078125 0.03927612343837108 0.03671875
0 0.7128559438985622 0.74453125 0.03001475292686635 0.05625
0 0.2213871031466991 0.48671875 0.03851759933607006 0.040625
0 0.32933141335335353 0.4640625 0.05020453307929138 0.03515625
0 0.2184848169441497 0.4484375 0.04555339451560982 0.04140625
0 0.24975754284184876 0.44453125 0.021425548106406112 0.05703125
0 0.8127695854873057 0.759375 0.04713407523376887 0.04453125
0 0.6243115943661004 0.65546875 0.03376192164297294 0.02890625
0 0.7742116004162245 0.67265625 0.035297150565734015 0.02421875
0 0.4073114884889268 0.3546875 0.043136921642972934 0.02890625
0 0.27886832592114014 0.409375 0.04325509631100797 0.04921875
0 0.9445139682954509 0.94296875 0.02590851502711473 0.021875
0 0.7807201547691465 0.7625 0.05114486436318479 0.0625
0 0.9739469382412214 0.98671875 0.04077499092481389 0.02578125