0 0.54453125 0.32078080182625457 0.02265625 0.02201692144481866
0 0.58671875 0.294843042929006 0.02421875 0.018174338441013127
0 0.5828125 0.261408460419492 0.025 0.013518671939110227
0 0.61640625 0.2514458700013126 0.02109375 0.014140754448624282
0 0.6 0.8521143734613537 0.01484375 0.05372983646384668
0 0.471875 0.5706163171492937 0.01640625 0.020981003460041236
0 0.765625 0.18442817186474816 0.021875 0.01182883794672147
1 0.61171875 0.2578868709898957 0.009375 0.011319501977166357
1 0.559375 0.32095721536240784 0.0140625 0.01697925296574949
0 0.46953125 0.5597743176435854 0.01171875 0.029383752471457924
1 0.475 0.5579889831569049 0.0125 0.013790585969555024
0 0.4875 0.6629483971873499 0.02578125 0.011988005437207506
0 0.496875 0.6727226452101835 0.03046875 0.012960256425790639
1 0.50546875 0.6786224767311143 0.00859375 0.010506418479069168
0 0.2765625 0.7285746916735927 0.0203125 0.02582767095052709
0 0.190625 0.8094201264642843 0.01796875 0.025732170456235437