0 0.3734375 0.46640625 0.03359375 0.0484375
0 0.38125 0.42109375 0.03828125 0.04453125
0 0.95078125 0.97890625 0.04609375 0.025
0 0.4 0.46328125 0.03828125 0.03671875
0 0.67421875 0.6421875 0.0453125 0.0234375
0 0.93203125 0.94453125 0.04453125 0.021875
0 0.3953125 0.31328125 0.0390625 0.021875
0 0.4125 0.34453125 0.03828125 0.0390625
0 0.41171875 0.29375 0.04140625 0.0203125
0 0.8828125 0.75703125 0.04453125 0.03125
0 0.37890625 0.2828125 0.03515625 0.0203125
0 0.553125 0.65546875 0.0171875 0.0484375
0 0.9078125 0.88984375 0.0453125 0.02890625
0 0.91796875 0.859375 0.02734375 0.06015625
0 0.8296875 0.76328125 0.0140625 0.06328125