0 0.2276452713018462 0.6872870201359724 0.032686221463952767 0.014808035619201475
1 0.5825639036430004 0.7745396323119103 0.02561858416039975 0.013863131458888844
0 0.6060570616247177 0.7570982123840283 0.03521190798171734 0.018768837005972115
0 0.5833280370176119 0.7581333823119103 0.023456770678164318 0.017714830072118028
1 0.5159909112914862 0.25602406202343797 0.023383996071058632 0.016152330072118026
0 0.7718513054194647 0.38789688354618124 0.035757717535011224 0.030487587005972296
0 0.7193256189017001 0.3905848192416325 0.03330480562435252 0.028089285619201477
0 0.9051839979330853 0.2119000408406258 0.0345034325888232 0.020313153210381962
1 0.005870029467060695 0.24015287452503475 0.01174005893412139 0.011373911094166722
0 0.5947364179110239 0.7818618230413547 0.0321596825888232 0.020258601823611146
0 0.5319241263452982 0.2665621717308338 0.034430657981717336 0.01875065321038196
0 0.14154318300310798 0.13468673736656261 0.03632064371369372 0.025818270801562536
0 0.9132940585198366 0.10494152602298687 0.038555231803034926 0.023529072188333354
1 0.9037007346985192 0.10941082047590353 0.020186221463952592 0.014517094889756966