0 0.9699219512939511 0.69375 0.039099456168510474 0.046875
0 0.35649069682972406 0.68515625 0.03049206939903506 0.04609375
0 0.3599095718280764 0.92578125 0.027462526785361253 0.0515625
1 0.34263274837185165 0.696875 0.017637513392680583 0.02578125
1 0.9509810365212985 0.6828125 0.016747169236879245 0.01953125
1 0.6857888644450455 0.4390625 0.009371045860084592 0.04453125
1 0.7346763778377261 0.46484375 0.00864434293798535 0.04765625
0 0.7243973969124496 0.4578125 0.012055715096963838 0.0640625
0 0.9778105434211575 0.60859375 0.03358979586008459 0.04453125
0 0.6673797836819249 0.45859375 0.028888659090609538 0.04375
1 0.3422720584353958 0.9 0.016320475243233722 0.03984375
0 0.6481331314911741 0.340625 0.035138659090609536 0.04375
0 0.6850252053544359 0.3953125 0.01990912540538936 0.06640625