0 0.4524329969199571 0.31251984791840653 0.040126492195451745 0.03251592887824382
0 0.1366144685273527 0.8618459820213186 0.03644842068857255 0.06117651741285464
1 0.7872147023701019 0.6321794092020817 0.018251492195451746 0.03136950870642732
0 0.43820431661273773 0.38378069425493344 0.03904514183263199 0.023881235300678937
0 0.08049593249983604 0.743068326548823 0.01869792549789593 0.06648481512886235
0 0.4436383502780017 0.3402354121427578 0.034176592558271324 0.04078213025772479
0 0.6998188182572003 0.9974221524471483 0.039744546279135665 0.005155695105703373
0 0.42383677096657424 0.27971399197094127 0.016272329944399644 0.0640182343961678
0 0.4634324951058586 0.35614369515944455 0.03153274219545175 0.03206554952503016
1 0.15195921553212782 0.8258642164174862 0.008412700725639422 0.017596935775648602
0 0.7729165893934105 0.615776481228349 0.02833582032575279 0.05217333163720568
1 0.7273262593641927 0.9968934777806615 0.015416668874474126 0.006213044438677073