0 0.2640625 0.44140625 0.04765625 0.02734375
0 0.303125 0.41484375 0.046875 0.03671875
0 0.3015625 0.20703125 0.0375 0.040625
0 0.296875 0.2359375 0.0359375 0.0484375
0 0.94296875 0.7453125 0.04609375 0.02265625
0 0.8453125 0.6078125 0.01640625 0.08125
0 0.23203125 0.26171875 0.03984375 0.025
0 0.75625 0.5640625 0.04375 0.03046875
0 0.47578125 0.48984375 0.03203125 0.0375
0 0.78046875 0.64765625 0.04296875 0.04921875
0 0.8265625 0.51640625 0.04609375 0.0515625
0 0.2515625 0.39921875 0.0484375 0.02578125
0 0.64921875 0.5515625 0.028125 0.0578125
0 0.82421875 0.6453125 0.040625 0.05703125
0 0.25390625 0.29765625 0.02890625 0.04453125
0 0.93828125 0.7171875 0.03984375 0.025
0 0.24921875 0.08984375 0.0203125 0.0421875