0 0.6875 0.28662524200496825 0.0125 0.03601022287263689
0 0.17578125 0.047414834603543 0.02890625 0.018918171642972926
0 0.60546875 0.3777274858566481 0.01015625 0.04224658733401752
0 0.340625 0.15426830172064335 0.0328125 0.015815897540671964
0 0.7953125 0.28599800722847457 0.03203125 0.029092602361132158
0 0.51953125 0.2899462056060271 0.0265625 0.021248286104353475
0 0.6546875 0.30634738954564017 0.0125 0.03601022287263689
0 0.6765625 0.2640326245185255 0.01484375 0.02352385841125635
1 0.69609375 0.29360649503003033 0.00546875 0.025813066256778684
0 0.78125 0.31811107046019116 0.0234375 0.033730105386194253
0 0.32578125 0.22310466013189972 0.0265625 0.014217036104353476
1 0.325 0.1543592053114395 0.0109375 0.011001132513557322
0 0.30703125 0.0022568707078965073 0.0171875 0.0045137414157930145
1 0.31484375 0.230980792645457 0.015625 0.01180965359079611