0 0.6780352245643246 0.3038634026088375 0.029925094499482087 0.022043171642972936
0 0.4307557719165095 0.5117430385402404 0.027236742142117264 0.031399990924813714
1 0.41400491955914465 0.5210180445903646 0.008358309553293886 0.011764201795397966
0 0.9991632946627158 0.9790917033475222 0.0016734106745683874 0.02286987343837126
0 0.6982043294028888 0.33444123691779293 0.03021619292790536 0.028293171642972938
1 0.9976050738190629 0.9665280708339647 0.004789852361874125 0.01418067466803521
0 0.6800172555815713 0.32964919778837737 0.02509204528527036 0.018890900565734014
1 0.6649359110820893 0.30769238455666076 0.021821496071058634 0.015747719847574792
0 0.7911539245215433 0.6028781404103933 0.030888281017246656 0.0259539668225127
0 0.824963844290085 0.5741764234896847 0.03266910483856407 0.030650557181592396
1 0.2157173926757272 0.8752368702169171 0.019223034946188024 0.010265334308955331
1 0.6086882967285032 0.9111077551663614 0.01958690798171734 0.01807783430895533
0 0.354550914387349 0.9883522211637142 0.03234161910658786 0.023295557672571476
0 0.6248034483000797 0.9049532039366973 0.03212329528527036 0.018931807181592576