0 0.3719407023626047 0.29315558425665994 0.012613392065139895 0.042483016693047396
0 0.657826452503779 0.15328806835503536 0.02751805524755433 0.017179139812585564
1 0.2717139182323248 0.2060072737526764 0.009268584186749607 0.025227320533113405
0 0.31462946032569966 0.21973480463148878 0.01624662628012441 0.03790917695960409
0 0.2792534024473093 0.20154709428578982 0.015928107864272966 0.0324404269596041
0 0.1905395129424181 0.23172267610167427 0.02396812101845258 0.0365739974927175
0 0.2847830656297238 0.17597043276559188 0.01777132892507769 0.02391487311953817
0 0.6373249657285458 0.0824981952354972 0.02967979472421085 0.014122335972519596
0 0.17300340244730927 0.1984555350354475 0.03454159997176509 0.0306422462390763
0 0.46289265507814525 0.20767037681395487 0.028754331555913736 0.025014371865896924
1 0.653640210466874 0.08141306835503534 0.007577281570031147 0.009579588479802049