0 0.5266611514074301 0.5453593189572921 0.036464830072118204 0.023492704597152782
0 0.06621134783645777 0.6815967985369793 0.04195176386770836 0.024401241166284747
0 0.07458819871013836 0.6239479526972918 0.042805749050069467 0.02754442496187508
0 0.07390113373999962 0.45196384992375005 0.03724608007211807 0.023510888392743113
0 0.08078495374413149 0.5592133054708335 0.03642846248093752 0.02193020459715278
1 0.07258994082635366 0.6090496513105209 0.020639808320624998 0.014535278685347208
0 0.6141539660932285 0.9171271758148964 0.03493869766329851 0.02501883700597247
0 0.5039873708222218 0.5120013050895837 0.03562902868534721 0.02113077080156245
1 0.5161236949104162 0.5279172458190282 0.025290940729444423 0.013081881458888844
0 0.3697968216196525 0.36661345706569476 0.03793641109416672 0.019622822188333354
1 0.3883467998681594 0.3756436181598614 0.026944359707395903 0.01702449905006951