0 0.7820912674251776 0.6495261854950609 0.029842041335136217 0.014317960344286363
1 0.45168669943504086 0.7337499403892023 0.023582950668363623 0.013318455534962937
0 0.43040204543281363 0.718080300370669 0.03223124466899989 0.018306055897782513
0 0.45151397676635907 0.7189061903892023 0.02127556333545435 0.016361609981466428
1 0.5305073020369073 0.25345975046333613 0.021257382001908985 0.014799109981466607
0 0.28967431138604305 0.3783233743246188 0.03234942333704529 0.028462305897782515
0 0.33737601471990664 0.3805654314035277 0.029978401336727068 0.026036710344286274
0 0.1721311806969986 0.21751733829710213 0.03067783533577262 0.019032742195451747
1 0.9976300726845901 0.2339656397640794 0.004739854630819806 0.009647818511654282
0 0.4400497654359953 0.7411904181566837 0.029115335335772485 0.0189781784931208
0 0.5149913900381801 0.2633803874866447 0.0314409040022273 0.01749752404661713
0 0.8793073340229082 0.13811248114122446 0.03229487933640911 0.02377480589778256
0 0.619077264003818 0.008226025912936181 0.032249426002545434 0.016452051825872362
0 0.16863291601686287 0.11838043385059845 0.034611357336090796 0.02151290145127884
1 0.1772812100174992 0.12276783348777873 0.018114200668363535 0.013127482576804805