0 0.23829576783167816 0.4796875 0.04208934091247105 0.0359375
0 0.2318892589344296 0.4375 0.04293425790866543 0.0375
0 0.3537788463868595 0.45703125 0.05283583992388783 0.03125
0 0.26506917345916603 0.42734375 0.02989042984777566 0.0625
0 0.85040974315428 0.7578125 0.04859400889724839 0.0421875
0 0.4338775232688857 0.50546875 0.04368367441056833 0.03671875
0 0.42685690764183526 0.35234375 0.04583642342198502 0.03203125
0 0.6566995524320893 0.64375 0.04068600840295709 0.03984375
0 0.8008779753597828 0.6734375 0.04105342292769336 0.0296875
0 0.29627275250863894 0.40703125 0.03559926038012336 0.04921875
0 0.04232410425834386 0.09921875 0.03523450444862428 0.02109375
0 0.7477794916714051 0.75078125 0.024580847338261692 0.06640625
0 0.9849306176785788 0.953125 0.025460256425790816 0.03046875