0 0.40194981916364114 0.057768293884235766 0.046904174904859805 0.04011716014423614
0 0.5780495433861166 0.9653041176880898 0.04060775395433254 0.019677373575104084
0 0.2849188976816414 0.47806456971979144 0.02812234140676253 0.03889949905006951
0 0.08137079194042282 0.5889514375953124 0.0459000904181794 0.0346302263486459
0 0.3086005009142211 0.7780093651226385 0.022795512851581278 0.06141027868534721
0 0.6073059618651857 0.9560375672512494 0.03786475593149916 0.02897963839274311
1 0.6116578808385464 0.945009148273298 0.01772866946765248 0.013681293502985881
0 0.35107716099033326 0.808241072569583 0.012129926882026076 0.0486738893426736
0 0.28466157110362644 0.446069687310972 0.028744423916276674 0.03501143284565984
1 0.2804688196207517 0.45319185628892333 0.017951503954332714 0.019150043502986235
0 0.41545390365032153 0.05199041935920103 0.04377917490485981 0.04004442496187503
0 0.4324994822055029 0.07422844206062464 0.02794858646384668 0.015480182845659751
1 0.4418572361598356 0.05527842030913157 0.014331755437207504 0.02609037452503473