0 0.11697041868236291 0.1189893438900784 0.024627830004772512 0.03586094365265158
1 0.13022439668204475 0.11703203879637121 0.011210220003181703 0.023755748746358753
0 0.42973459536122605 0.21790318316130328 0.03779999200349984 0.026872388558944315
0 0.5033084553628168 0.23175874617256928 0.017605670671545327 0.03643760517284953
0 0.5442970820337256 0.26419081294475905 0.025227266669318026 0.020258675705962938
1 0.5025817493634531 0.23642351411925797 0.011164766669318028 0.019849498746358753
0 0.8068436300524976 0.4100645687507468 0.017469310669954295 0.02471885517284953
0 0.6189260067234065 0.4358361439027137 0.0065863546705907435 0.02908810642649069
0 0.37877317405313393 0.4022949035361322 0.016633516669318026 0.02000862311953817
0 0.3522833993873157 0.4077720137235466 0.01424431333545444 0.016034176959604095
0 0.28753110339749705 0.48086252124539397 0.01737840400222712 0.01690635517284953
0 0.2907924633990879 0.4926721994586393 0.014998291335136305 0.013713159012915454
0 0.15667145472626998 0.4434725183424001 0.012727266669318027 0.01989496285298138
0 0.049285668722133816 0.40988947703874634 0.02048522266868171 0.015434783386094964