0 0.25869174819704815 0.5727342108654169 0.030342116641249993 0.02881598423243048
0 0.38160583738722187 0.3965918977951392 0.023310866641249994 0.028652330072118027
0 0.2761143311189578 0.6302018719595835 0.02939721248093754 0.021766550436840327
0 0.45917421894301996 0.9896211883303909 0.02954268284565984 0.020757623339218156
1 0.6304388084175342 0.6204703813619797 0.016842661094166544 0.019131859707395903
0 0.3721405716196525 0.3666680084524656 0.030087543502986057 0.017878484232430568
0 0.3815889600123955 0.3301492802039586 0.028652330072118027 0.023310866641249994
0 0.04849194529166588 0.9391365416031251 0.031704594889756965 0.020258601823611146
1 0.3900190558520831 0.3373805519554517 0.022329594889756877 0.020040396276527782
0 0.6173757639646176 0.610786256836945 0.025000653210381963 0.034157447663298514
1 0.8420964749269437 0.9638612779228481 0.019113675911805572 0.016061411094166544
1 0.477796932373888 0.9951764746620402 0.018368793502986237 0.009647050675919644