0 0.5125313730530311 0.4988780500126353 0.015631011678482486 0.0543154269596041
0 0.4913202996169238 0.3600966948397858 0.01397758346523723 0.05114496285298138
0 0.5300885975844951 0.5657389410788621 0.01321906551854859 0.05190348079967002
0 0.5406707449189281 0.5270174218785322 0.014872493731793845 0.055073944906292735
0 0.4927022578510519 0.5685540525199178 0.01321906551854859 0.05190348079967002
0 0.47372493731793835 0.5601959832404455 0.011747493731793845 0.0549830166930473
0 0.5754415838609486 0.21969666686396727 0.024543010424841326 0.06550297954602886
0 0.5092579573761981 0.3863780500126353 0.015031618104973176 0.060542694906292736
0 0.5253292382550105 0.42899745902555075 0.014849761678482665 0.05429269490629274
0 0.5089804757185982 0.5378041576927672 0.012551475785105204 0.05578699874635884
0 0.5662591489837856 0.11873356043747654 0.019096992478152684 0.06612510517284953