0 0.228125 0.29921875 0.02109375 0.1265625
0 0.46328125 0.10078125 0.02265625 0.1234375
0 0.94140625 0.4828125 0.021875 0.09765625
0 0.8859375 0.56953125 0.01953125 0.1046875
0 0.7 0.21953125 0.0296875 0.1109375
0 0.9265625 0.5875 0.02265625 0.11171875
0 0.7125 0.03203125 0.0203125 0.0640625
1 0.4421875 0.125 0.01328125 0.06171875
0 0.48203125 0.64375 0.03125 0.09609375
0 0.65625 0.17109375 0.034375 0.07421875
0 0.6296875 0.15078125 0.04140625 0.090625
0 0.496875 0.6125 0.02421875 0.10234375
0 0.14921875 0.5234375 0.03828125 0.1171875