0 0.7476814375538503 0.5284445824622437 0.044772144515609825 0.04166532523376905
0 0.11471544321119112 0.2899477682485685 0.04744769262201594 0.09871021077238851
0 0.17586604576871498 0.38724494906492357 0.03627384328594587 0.05802157825883123
0 0.15331888007767042 0.36862675927157806 0.0464073673882468 0.054174415592848746
0 0.22531205474570543 0.34789610275391564 0.03624657220870704 0.05333407825883123
0 0.6981268651487517 0.4521729739527915 0.03774543969514958 0.04240566861791066
0 0.22805630142605576 0.14476201239483602 0.04317328307929138 0.035406234874689524
0 0.7464007386853184 0.4800161728213233 0.05329317164297294 0.02921532220870695
0 0.2120995033196497 0.20188416598563216 0.0415789668225127 0.029928394515609913
0 0.7864075942679045 0.5860298234852532 0.04789259933607006 0.04090225595192827
0 0.44064616325515765 0.3966416332009284 0.03843578610435348 0.0267852137974506
0 0.8134927899149824 0.4960315373808998 0.03246758723582168 0.07518635236113216
0 0.9292672599589491 0.6039480556294683 0.04748405405833438 0.10496021077238851