0 0.3929433645539647 0.7395862374087723 0.032268844499481905 0.0220568071815924
0 0.10574919396136276 0.12401928298109555 0.03602954528527027 0.01895453307929138
1 0.4285191455712113 0.7655674753085239 0.02111302067816432 0.01730567466803503
0 0.7181017222880131 0.6610310079950319 0.02892552067816432 0.017351126463433175
0 0.4748887998333842 0.25191404146710666 0.03034247146395259 0.014235216822512697
1 0.931519789494302 0.24597922149789486 0.015280397642635179 0.009461358411256348
0 0.41467496939252896 0.7701731620768073 0.03074273180303493 0.022828966822512696
0 0.793069411496374 0.1576974506170477 0.03286815798171734 0.018155102361132158
0 0.2652356257216164 0.44595389119596013 0.03412244292790536 0.028315897540672097
0 0.30611533684648695 0.4516589905320302 0.03003425641014079 0.024386921642972938
0 0.11396841645877273 0.23341246369925478 0.03052440798171734 0.0181414668225127
1 0.49004076488719617 0.24184869505790285 0.020258996071058633 0.01573862948849527