0 0.4420358360179174 0.7444577431034365 0.02240369292790554 0.028493192775829533
0 0.16687940074300706 0.2926396931828667 0.019914393713693725 0.02532728246740401
0 0.5486882504097755 0.7848179159937636 0.023238446856846905 0.012895466314779825
0 0.06572566149637402 0.15210224228936225 0.029835203266987652 0.0372096737011061
0 0.7450645984239141 0.9385490677807725 0.022112594499482087 0.02224319277582971
0 0.47343557754086196 0.5288912443212525 0.017425094499482086 0.022161372158978666
0 0.5670037568199163 0.80873665706531 0.021675946856846907 0.012868192775829712
0 0.5984742346940098 0.8464997098252536 0.02412885876750561 0.015252853084255235
0 0.5545013711735025 0.2045576716758065 0.017881012820281584 0.048710235389503434
0 0.47771420099067613 0.38573157954860005 0.03116010876750579 0.015375584009531628
1 0.6081017917661045 0.818183795052601 0.010483735731976297 0.00720852800317715
0 0.6165328759265043 0.8313286773578493 0.016352746071058633 0.015897735389503252
0 0.5515050353559636 0.7949332556853381 0.015988873035529316 0.008085235389503431
0 0.4586282148444149 0.5299315929412807 0.016190080231458383 0.029165348620028196
1 0.46416973945152085 0.5313986355549545 0.008540246071058633 0.015761367694751626
0 0.47528055975818173 0.40062987662650074 0.026363446856846905 0.012950013392680582