0 0.0828125 0.54921875 0.0359375 0.0203125
0 0.071875 0.32578125 0.03984375 0.02265625
0 0.60625 0.05 0.03359375 0.02109375
0 0.075 0.43515625 0.03515625 0.01953125
0 0.046875 0.38515625 0.0421875 0.0328125
1 0.0546875 0.396875 0.02265625 0.0125
0 0.4921875 0.4953125 0.03359375 0.0265625
0 0.38828125 0.571875 0.03828125 0.0203125
0 0.53359375 0.475 0.03046875 0.02734375
0 0.51640625 0.4796875 0.034375 0.034375
1 0.40546875 0.5578125 0.02578125 0.01484375
1 0.50703125 0.490625 0.02734375 0.0234375
1 0.06640625 0.3984375 0.0046875 0.01015625
1 0.41875 0.55546875 0.003125 0.00859375