0 0.6488518128577134 0.3302993230413547 0.03140889469597585 0.04364155043684033
0 0.6695283339044009 0.33702210172670194 0.030855157850155378 0.047529616641249994
0 0.6614042917404389 0.3984680947928478 0.04024556840173403 0.02122168977951393
0 0.6572242969315236 0.47404932304135466 0.029429165742663167 0.04983699905006951
0 0.4161934183734992 0.059619227867257284 0.022117194681858264 0.058248911094166675
0 0.6671607390531333 0.45711639617961863 0.0343518841726322 0.04058928561920148
0 0.6927599785297895 0.4545914614340978 0.03234206314006212 0.019477351823611145
0 0.6602744312453301 0.365673778588438 0.0353606473268119 0.04451371941479172
0 0.5023661368034681 0.0522626291777782 0.03376034997176518 0.03043303561920141
0 0.25436679451244915 0.24153810904180578 0.020273973621053543 0.0667881097073959
0 0.16350876315417961 0.007706663278368192 0.03639252630835923 0.008648954597152808