0 0.36640625 0.51640625 0.02890625 0.05078125
0 0.39453125 0.3625 0.03828125 0.02421875
0 0.38203125 0.37734375 0.0375 0.0203125
0 0.39453125 0.4265625 0.0421875 0.02109375
0 0.38828125 0.51796875 0.0328125 0.04453125
0 0.6265625 0.71015625 0.03828125 0.03984375
0 0.8890625 0.90546875 0.01953125 0.06484375
0 0.36640625 0.35078125 0.0328125 0.03203125
0 0.3765625 0.475 0.0359375 0.04375
0 0.85625 0.81640625 0.0421875 0.0265625
0 0.5375 0.75546875 0.0265625 0.03671875
0 0.8 0.834375 0.0203125 0.065625
0 0.84765625 0.9390625 0.04609375 0.05078125
0 0.80625 0.6640625 0.028125 0.0546875
0 0.36796875 0.26171875 0.025 0.0296875