0 0.8602934481001207 0.14672113426929526 0.035398589439121865 0.02053146034569897
0 0.3008807423096255 0.6655641301791672 0.02980700870642723 0.01802858597251955
1 0.607973947307151 0.764986434810656 0.02355700870642714 0.01784672954602886
0 0.6164481886007239 0.748071719450392 0.016157266508343326 0.010610891066226813
0 0.5102635498637145 0.26992633590601256 0.029888895861557074 0.019591085972519552
1 0.4947237590451115 0.25621317689309714 0.024256371551297562 0.016306961599340218
0 0.42837066146538927 0.017144665214614628 0.012991322930778537 0.009738712852981446
0 0.8619555246489436 0.2528574740027385 0.029107645861557074 0.019568353919208192
0 0.7378983061952924 0.44582256083318794 0.03264208163720568 0.027471782132453625
0 0.6215827459276702 0.7716228797169487 0.029970783016686653 0.02115358597251955
0 0.6968605483933764 0.45164901200768687 0.030093613749381375 0.023497335972519552
0 0.17603463478028056 0.15879364146193822 0.03231453301668678 0.021221782132453626
0 0.6412434707128994 0.7448928951563548 0.027545145861557076 0.019522889812585476
1 0.04702656546754667 0.24240646034569896 0.01858290366347313 0.012241587226160889