0 0.9481508107178482 0.5246914225902423 0.03778328301668665 0.02116713839274311
0 0.9472556168015991 0.2986555994519784 0.04103111374938138 0.023583623575104174
0 0.3927950096109384 0.032314352204860786 0.035521420171816497 0.02267508700597225
0 0.9499036612382465 0.4088845846343395 0.037002033016686656 0.02114895459715278
0 0.9753673286965299 0.35744871799308947 0.044729323835289846 0.034593858757465235
1 0.9689911759375678 0.370112372153402 0.02409259724103805 0.013045513867708358
0 0.531222260288307 0.4796413342530899 0.035808025214770646 0.028143837005972117
0 0.6407444244672297 0.5545302718484023 0.04012703301668665 0.02122168977951393
0 0.48875147727162016 0.4602925754193746 0.03268302521477064 0.028071101823611146
0 0.5061846387370095 0.4645800319163884 0.036957767412854635 0.03519327080156245
1 0.6228199400710619 0.5408678153513884 0.027340427973732772 0.015461999050069508
1 0.5161328488229178 0.47529932636930516 0.028572057326946166 0.02407393284565984
1 0.9565730630926975 0.3719658128828464 0.005260710085908471 0.011046602773541636
1 0.6093749157608024 0.5380519398764231 0.003575379353213748 0.00866648518236115