0 0.759375 0.66484375 0.02890625 0.01328125
1 0.43671875 0.73515625 0.02265625 0.01171875
0 0.41640625 0.71953125 0.03125 0.01640625
0 0.43671875 0.72109375 0.0203125 0.015625
1 0.51875 0.27109375 0.0203125 0.0140625
0 0.2828125 0.384375 0.03125 0.0265625
0 0.3296875 0.3875 0.02890625 0.025
0 0.1703125 0.22265625 0.0296875 0.01796875
1 0.98125 0.2671875 0.01640625 0.009375
0 0.42578125 0.7421875 0.028125 0.0171875
0 0.50390625 0.2796875 0.03046875 0.01640625
0 0.86015625 0.16953125 0.03125 0.02265625
0 0.60859375 0.0328125 0.03125 0.01875
0 0.16796875 0.1265625 0.03359375 0.0203125
1 0.1765625 0.13046875 0.01796875 0.0125