0 0.6519917836940554 0.4703125 0.03481541327441171 0.053125
0 0.5173611561498641 0.51015625 0.043579581637205676 0.0265625
1 0.6328766135222388 0.4484375 0.02577460594746537 0.0296875
1 0.49745809192551277 0.51796875 0.03593417797373259 0.01484375
0 0.9553934226582073 0.5203125 0.041730476594251796 0.02109375
0 0.9904086129006411 0.659375 0.019182774198717924 0.0234375
0 0.5358311951594446 0.475 0.04033175090451113 0.02421875
1 0.9608046189493056 0.59375 0.022611984396167628 0.0140625
0 0.967627829035214 0.6046875 0.0476086623699004 0.02890625
1 0.5240272359780475 0.48828125 0.02738137155129756 0.015625
0 0.45442622342643296 0.8 0.039468613749381376 0.02265625