0 0.3333265034213596 0.6427509671288542 0.029115335335772576 0.018473310470581338
0 0.5504289033656804 0.22872187459790583 0.031504538669636165 0.022420470779006864
0 0.9131278033497721 0.10517964002247662 0.03382101666931803 0.020117631087432298
0 0.6609253394334499 0.7261132974882332 0.0299238573360908 0.020830697240056394
0 0.63748783943345 0.7265224005724882 0.014971019334818082 0.011196598620028198
0 0.22984313602004453 0.14367431331325037 0.029896585335772663 0.018486947240056485
0 0.7716333833943153 0.43584107914485826 0.030023854670590565 0.029424447240056394
0 0.730272586728179 0.44047007792704224 0.02921533267027261 0.027067060470581338
0 0.6401952161043589 0.7577314902640626 0.029178970003181703 0.02394206047058134
0 0.912837996697953 0.21458191356142695 0.029914766669318027 0.020049447240056396
1 0.0949510626989076 0.23589086120192998 0.0149619286680454 0.010415348620028197
1 0.6268321501034043 0.7509320653451406 0.02283806333545435 0.016020466314779824
1 0.5331504966979531 0.22120938352635955 0.021266472668681757 0.015211942775829535
1 0.3160844594207233 0.6383634760573079 0.014189769334818081 0.011182961850553142