0 0.3968240061044354 0.6123417580627706 0.031240033921197962 0.04587758023145838
0 0.3861011900710619 0.5713164977236884 0.03814845318850324 0.04386131596343468
0 0.3762249010614814 0.6059269381703944 0.029841308231457475 0.04892980562435252
0 0.548326709631623 0.8859334234880862 0.033836089439121864 0.02105951674922295
0 0.39042684192551275 0.5348888461521119 0.04247078301668683 0.022241027088305287
0 0.39151130709980364 0.46635716997342946 0.03308913896415202 0.051419104838564066
0 0.6293376922187685 0.8554154776646964 0.02963326831736559 0.059830918320799495
0 0.8750020742855156 0.9479091544625515 0.042098968792335614 0.030017139784752445
0 0.3805704850735363 0.4806551104201355 0.036998710990419424 0.03679367865988183
0 0.8253263008797672 0.9660131061292585 0.013759284825708918 0.067973787741483
0 0.35836793645301734 0.47338626592065347 0.03268302521477064 0.028799242142117088
0 0.7962242198083883 0.7384934590534467 0.019517961894930734 0.06013913337461148