0 0.6073760839510027 0.5609375 0.03781036910658777 0.0234375
0 0.43026346629215695 0.48203125 0.027729047766469606 0.05859375
0 0.10353410814382391 0.71328125 0.044878006410140794 0.02421875
0 0.13301824689511887 0.65859375 0.04818494292790545 0.028125
0 0.5647497822555917 0.51796875 0.04019050641014079 0.02421875
0 0.5838658093438969 0.559375 0.03862800641014079 0.02421875
0 0.05562303122213443 0.42265625 0.042898129445670063 0.03203125
0 0.686374495033092 0.86484375 0.039445643713693815 0.025
0 0.13437523159363796 0.5703125 0.042461481803034926 0.02265625
1 0.5788679402373091 0.5359375 0.03030608416039975 0.01328125
1 0.1395764619489308 0.6484375 0.023347608767505613 0.01484375
1 0.44390643527491036 0.45625 0.014047537427387447 0.05