0 0.6045892241500399 0.43719795469406203 0.011992731803034928 0.022910823138263935
0 0.5883328314698034 0.507965049583819 0.023946922249741043 0.011483013867708359
0 0.489433066787495 0.6682505457840968 0.013647277088305288 0.04167900693385427
0 0.4896940084770554 0.20367889950756907 0.024982883374611475 0.01696994766329869
0 0.5047946236547018 0.24243227498253433 0.012356604838564244 0.030723323138263935
0 0.8828363103773542 0.6348489790110062 0.01984161910658777 0.02387391109416672
0 0.7057557719165095 0.493500546449687 0.01944135876750579 0.015280161094166545
0 0.46930657981717355 0.1689590606017357 0.018332623035529138 0.00823072729857639
0 0.31859595037150357 0.14040091555947892 0.01936858416039975 0.013717661094166677
0 0.4559696718354562 0.15128125133118017 0.01337329528527036 0.019040940729444466
1 0.47343115363849114 0.17355564162378434 0.00803082382131759 0.004869337955902786
0 0.4836430616202085 0.191306186076701 0.009013281017246655 0.025963087955902787
0 0.6134376852749103 0.4424666829425689 0.014790246071058633 0.015952308320624907
0 0.5942703083104396 0.450733777832326 0.017587760339082336 0.008993793502986236
0 0.5932193846129566 0.49533776301468696 0.019931510339082338 0.009048344889756876
1 0.579520757648486 0.503477571335312 0.011192211124870611 0.005723323138263936