0 0.4795485021926167 0.7886832262368226 0.03579365626060227 0.04202567391627667
0 0.4358655118960815 0.4534434046017236 0.032378479581580064 0.05592900642579064
0 0.4931770480084163 0.24203106072350314 0.02512897477225664 0.049392504942915846
0 0.44178564048186963 0.5296557361226546 0.02085070253973793 0.06092025395433254
0 0.3222394883976186 0.6913346768448451 0.041907247004775085 0.03837409190105419
0 0.5088094824919869 0.2858619737653648 0.022976197730414503 0.05476575444862428
0 0.5529836123437193 0.11555213235860222 0.015218261432745451 0.056009919467652304
0 0.4968973034507118 0.11315664422160032 0.019523815516429364 0.04526342045623553
0 0.4805530516366133 0.15673023068544706 0.022031256623422025 0.050046420950527096
0 0.5306001808553736 0.10866280380342093 0.01287451143274545 0.05591441897336073
0 0.5259052132546931 0.3101298033091293 0.016398815516429365 0.04513608646384668
0 0.5057341009109739 0.17286722524823958 0.013710325135076218 0.057508752471457925
0 0.5147742842134181 0.13739264026726766 0.015163697730414505 0.0544474194676523