0 0.10365178595736287 0.32575959222043166 0.035123029737326394 0.15003009207925738
0 0.3811227679786814 0.14370043721287368 0.030067037539242492 0.14272582629424183
0 0.6900120098380811 0.3430131085701446 0.029742810944990872 0.12167757892507769
0 0.4844215926069406 0.7288427347090947 0.03714587516934209 0.11432010523343691
1 0.3501693391004376 0.18444653455380286 0.01790787426483096 0.08905479472421071
0 0.6707950203535307 0.27870768486438646 0.027931327453334376 0.1316973210325699
0 0.09234031320829843 0.6753500685429084 0.031714746720639654 0.1295810841867496
0 0.9232450751940859 0.7375542509176333 0.03147240728151779 0.11009533681758547
0 0.7374724287667022 0.5668986586266144 0.02842597241038014 0.12627407366340576
0 0.4576643407979183 0.7786908162650084 0.02793797150586901 0.10210082629424182
0 0.9564437567858632 0.6242429088383759 0.021438988014212512 0.11184755261671846
0 0.9490838789029876 0.809262650945868 0.017488472410380495 0.12563703683170288
1 0.061517438377640565 0.5649886921921968 0.030162212799441736 0.08509533681758548
0 0.6444593289236723 0.027756189773122414 0.039206342152655435 0.05551237954624483