0 0.9091354507005214 0.7409710392314923 0.028380879559027506 0.0787432490500695
1 0.5449183353904516 0.27262761483829817 0.025563697663298513 0.024800631458888844
0 0.6103251298433683 0.2617251760087148 0.021076872625173593 0.06686084488975697
1 0.21272996333395885 0.6094438159200692 0.012264263867708357 0.023710256933854267
0 0.5725523729095141 0.25087924819704815 0.04131598423243048 0.030633057370694505
0 0.259447841277466 0.9374408761405555 0.04436824905006951 0.027580792553055743
1 0.2412069875539939 0.959752287234722 0.026308580072118025 0.023256315254479177
0 0.5858531131258683 0.318575241263194 0.01886040919430556 0.07227504350298615
0 0.5531477562682641 0.22319065929121482 0.04233362357510408 0.04080749116628475
1 0.617992812689028 0.2889052718484023 0.014517748100139016 0.05343412452503475
0 0.956026674864966 0.6398254601093047 0.04195176386770853 0.024401241166284747
0 0.22666452355444494 0.570035823803854 0.026345600873680652 0.058394381458888846
1 0.8925648933298269 0.7007097151432979 0.008248911094166544 0.018931837955902787