0 0.634026056386422 0.6271444558404866 0.027191194182231725 0.13174282366340578
0 0.8781978676413977 0.5079871192346627 0.03125661167271758 0.13587658681758547
1 0.6577062955120071 0.5740803690229012 0.014965766805913994 0.08037003946253876
0 0.22195454893486716 0.21965453441262853 0.02889827422028777 0.11625433155591365
0 0.45107702174882985 0.07709749516185116 0.02979227076024671 0.09993908681758552
0 0.2835817515200558 0.3867818502541138 0.024242607718385045 0.11676256577089816
0 0.24878752923756572 0.9166205396743002 0.0233340237259962 0.11359206314006229
0 0.3047510973754427 0.4450647871140516 0.0248965237259962 0.11368306840173403
0 0.8428453690870914 0.12084343500556076 0.02703202669174587 0.12783657366340587
0 0.4220580252088709 0.0952328451336163 0.03782760524692712 0.10586286312594476
0 0.39026542201347236 0.7948302977079825 0.022280859695551315 0.1260010578783902
0 0.01678559338392894 0.047610747369164076 0.03044618676785788 0.09522149473832815
1 0.9260292366913081 0.27888417718364017 0.026652683307816716 0.08027132892507768
1 0.28295162361007786 0.9670986818100274 0.02027800790866543 0.03859206314006229
0 0.29462395265955077 0.9460581397166526 0.020370849809719614 0.0791260578783902