0 0.23784708736472582 0.24220257836943154 0.046711915340545127 0.05527185090962279
0 0.5259952614178598 0.6468174195591446 0.04557612933640911 0.024766713606069857
0 0.5326708807288153 0.4823739298982269 0.045767033338636055 0.041172963606069854
0 0.26271127470558914 0.2987993347795723 0.05829430533895428 0.044098910462916766
0 0.2946158027132252 0.3565048269216895 0.04015283267027261 0.028418252481199426
0 0.7681549420750875 0.5886026209641055 0.047238626670908876 0.03343323821317572
0 0.6008219914067239 0.5683157380037788 0.051063060669954294 0.026583924730940466
0 0.7407844674172235 0.6521364280362001 0.030451116008908662 0.06700771753501122
0 0.7622589307367695 0.551629159839235 0.040952264003817976 0.03001713978475227
0 0.7395305027450418 0.6114750407326471 0.0403164646721816 0.042480752481199424
0 0.28395901869827134 0.2459119292790543 0.04335964867122701 0.035595051695411065
0 0.16594481536440767 0.23651119644256208 0.049019302673454224 0.05225601282028158
0 0.25915047004295255 0.32830489826180764 0.045648854670590745 0.031016713606069855