0 0.29904772376076616 0.7717970391345832 0.046331852176918174 0.05259897634864572
0 0.5600347759455337 0.3865082768823954 0.04451389183263199 0.022893292553055566
0 0.574194023583281 0.5456832551309023 0.045059528855940556 0.03851829255305574
0 0.3206027760303517 0.7173452752668747 0.0576413744094368 0.041152983282499986
0 0.34840782829993716 0.6627480410344442 0.039962801088459086 0.02669043977951393
0 0.7983457969969259 0.4489855206141312 0.046349210344286365 0.03074216014423605
0 0.6362550247644073 0.46448650009690917 0.050037205534962936 0.024583079122187535
0 0.7680109670525261 0.3863588872553813 0.03114336179556503 0.06473530043684032
0 0.7941047302993701 0.4842690571832632 0.04001736479079003 0.02825293977951393
0 0.7685938096107977 0.4254395710509716 0.039645342558271325 0.039953505983923776
0 0.3435244100584353 0.7691980627859373 0.0425520877489479 0.03377624116628475
0 0.2295983193142625 0.7757591469421179 0.048566474772256465 0.049528527735416716
0 0.31571437938839625 0.6893111942448261 0.04473214664195542 0.029143292553055745