0 0.7438945467316639 0.96484375 0.04154715056573401 0.02421875
0 0.1698752637505684 0.86484375 0.03619657523376914 0.04453125
0 0.8202918576256895 0.53359375 0.03077327702916719 0.05234375
0 0.4829362616092691 0.28984375 0.029165325233769225 0.04453125
1 0.44486811416679295 0.1921875 0.01046077702916719 0.05234375
1 0.46568967427525154 0.2796875 0.01748748184962743 0.0515625
1 0.7720331822702834 0.9671875 0.01727840359079611 0.015625
1 0.19003322764621491 0.83828125 0.008716469847574838 0.02109375
0 0.4509908491396784 0.1703125 0.014426114363184795 0.0625
1 0.838392417832344 0.55625 0.009429542154477843 0.009375
0 0.4550385205862595 0.32890625 0.037631810206654494 0.02265625
0 0.10986848379453498 0.75625 0.019903954722264316 0.0640625
0 0.46004366227319904 0.24921875 0.040779536104353656 0.0265625