0 0.8883436921307032 0.6268853302359675 0.04081334239534584 0.0447881151776464
1 0.6596416664647218 0.3646187324267167 0.015159426387734598 0.04671233416039975
1 0.6112333413695815 0.3278850198541041 0.025379343383928797 0.04874786910658786
0 0.26616630870915575 0.8929129762214636 0.03789658942959626 0.03061645326698752
1 0.24602756365207162 0.8704579334173929 0.021522172927693362 0.030633569892376044
0 0.6101310977953721 0.29752543176476287 0.018171679847775835 0.06322774607105863
1 0.2667697810660079 0.6293235111676517 0.01892375494291585 0.024274407981717337
0 0.017999000200669486 0.9903852514477421 0.03599800040133897 0.015991027088305288
0 0.9056850424347143 0.5457616087720149 0.036094008897248384 0.043788541356328814
0 0.27749903403175746 0.6147879762214636 0.034881677376317734 0.05230951674922295
0 0.592032355209746 0.2632788643535861 0.03719359387822045 0.051637428659881746
1 0.8744867805717164 0.6033579390034732 0.01423625494291585 0.024056084160399747
0 0.6522111684418881 0.35560760546224596 0.01735859634967838 0.062410108767505613
0 0.6050178334609162 0.3656033436754217 0.03920442144481875 0.024439227874093562