0 0.6185387222988386 0.5332992314210414 0.037817582541716986 0.051190330004772557
0 0.6074474140673811 0.5808554840865414 0.04225942107632772 0.046557374005408825
0 0.04745153211217562 0.004460780673136066 0.04806568577564876 0.008367030673136065
0 0.5902090044110141 0.5368782174172234 0.04184998530067894 0.038744874005408825
0 0.3155785758714546 0.3476317147119524 0.04814425090451113 0.024764190006363408
0 0.06480945047496985 0.0312414566756814 0.0472811137493814 0.023192599339590614
0 0.5875299824756037 0.6924106020846325 0.041812363749381375 0.023128964672181597
0 0.5712399191557637 0.6601702667488599 0.04197281603337366 0.041088624005409004
0 0.5692779494589171 0.7125231074156326 0.04407422659425162 0.021593736672499732
0 0.10543669323888061 0.22558235001590835 0.04781338025772479 0.03334884933959063
0 0.6022575457954439 0.7246327560868597 0.0370429765942518 0.021511920671545327
0 0.44287806026762233 0.3350419027291335 0.020589138964152022 0.05020908533577266
0 0.08686151289029878 0.08778235801240852 0.04843085594746528 0.03023294000636332
0 0.07502657621013886 0.11969542934436313 0.03140048620519007 0.06282726400381802
0 0.16119204828183473 0.22075903735677166 0.017501760515449584 0.06578863200190899