0 0.02632052678868429 0.5445761144483409 0.03999451418576496 0.03271308847375849
0 0.6212810564803625 0.9488240945661339 0.015281670691397941 0.06898182508107809
0 0.6468673928485934 0.7672195385597793 0.03243206677218957 0.04117047077900686
0 0.3415961858015997 0.5242367463498473 0.02061402837152997 0.06438978246740401
0 0.35752036566419776 0.3795009448077198 0.026014582211595895 0.06214148985373029
0 0.022121108604568784 0.6352283879872911 0.04263378087881239 0.04291024878218401
0 0.3031761949727998 0.4491646083625561 0.020682224531463955 0.06673353246740418
1 0.2979969499873647 0.4929827922099321 0.015449155251991798 0.04790171185055314
1 0.6329687142396366 0.9228519297934813 0.012233227038746363 0.04472216477265221
0 0.2595111115075627 0.5006822439142153 0.015971992478152598 0.06587046185055315
1 0.2453576832943173 0.5040527057647683 0.014000315518548412 0.05178068831160267
1 0.04272912529761621 0.6247175819809367 0.019386497492717526 0.02220228246740401
1 0.6615292864221027 0.773210439939751 0.01931830133278343 0.01985853246740419