0 0.5067537495896677 0.6583503938282389 0.019036372158978666 0.016515334308955333
0 0.8097449671255589 0.16016392046462255 0.02318808400953145 0.03060056020665445
0 0.503878165580136 0.6278680082896193 0.0205715986200282 0.014961924668035032
0 0.5517974683400796 0.5984623094210875 0.022161372158978666 0.016533515027114733
0 0.4701713672844193 0.6659492703898678 0.021311938311602673 0.012622719847574793
0 0.5983104094943513 0.3542264960911751 0.017514782467404188 0.01884999394987581
0 0.5706609220762531 0.24704525516636142 0.02837046185055314 0.014226126463433086
0 0.4645221960222405 0.07378904146710666 0.01489434293798535 0.04773806323171657
0 0.5222599728043064 0.6068833425985748 0.016706258928453722 0.017282948770336048
0 0.33085549715403567 0.7401311380727023 0.022915348620028198 0.014975560206654493
0 0.39785563108084177 0.997184593089554 0.011073867694751627 0.005630813820891945
0 0.4739276128201924 0.6573782462875668 0.009511367694751627 0.007867042154477843
0 0.4789833055960221 0.6784992673648057 0.02048977800317715 0.01027442466803503
0 0.6055871213449043 0.3683299027070334 0.016801716314779825 0.02275169877033605
1 0.5992553007280533 0.3636060412707149 0.012663641233702094 0.009447722872636889
0 0.5786370633099551 0.2564657069617595 0.023642051542127618 0.011855105386194253
0 0.8659034638791478 0.1104957185710286 0.02077615016215546 0.02668067466803503