0 0.29673097414918315 0.8234498049021525 0.028043707649130577 0.12094893284565984
0 0.27761333548730577 0.7528106497919096 0.02484143959695384 0.10759494766329851
1 0.3285354860530399 0.7274099530785414 0.02161644564707803 0.09033471248093754
0 0.08126311465777229 0.13012195146302077 0.031050532981095547 0.10070916802802085
0 0.40032412764178354 0.7405807938842358 0.02416927390590935 0.1263267638677082
0 0.8857193313820891 0.02710812412275137 0.01996304205628192 0.05421624824550274
0 0.9355531005144204 0.715624893904895 0.023428930521767553 0.13333983007211803
0 0.3044238795866911 0.041866670735642236 0.01771474082661779 0.08373334147128447
0 0.04627503630074523 0.10203397226458329 0.04041189744247611 0.09858362357510417
0 0.32097557533196497 0.01669392467753459 0.02054884933607006 0.03338784935506918
0 0.6135877178044714 0.6043848014836801 0.020263023905909172 0.12623584488975687