0 0.5843947480162655 0.7000503794159508 0.010739092558271324 0.03917158800127254
0 0.3069368922111501 0.8343777367122707 0.024764387023308566 0.015906810669954297
1 0.6699478128997226 0.7792026247612684 0.007849705534962937 0.023519316000954405
0 0.6305132906672041 0.7670202507558596 0.013700401451278843 0.03452045066836362
0 0.6619716217927302 0.7837992180935413 0.014317960344286363 0.029842041335136217
0 0.7474106139881818 0.7543122601049952 0.021485619600113283 0.0338301073360908
0 0.6549031662577672 0.8071639927593595 0.015607641832631991 0.022047722668681758
0 0.3194889667132542 0.9001754593809522 0.026999009618646853 0.01280908267027243
0 0.7612176536438955 0.7841724827736769 0.03142361479078985 0.027698286004136107
0 0.49246765364389555 0.7810452934038604 0.025791173683797373 0.022947151336727246
0 0.15433270346641026 0.9955584953453176 0.025381945916315995 0.008883009309364809
1 0.3046179348620887 0.9007839867122707 0.006550100362819755 0.00866647533418181