0 0.48211433045336777 0.39635983206946024 0.017624564304548684 0.05243919877033596
0 0.49679377308267325 0.43689392847866404 0.02156718189572917 0.05402442466803503
0 0.4624194262930552 0.4035047115579554 0.01993194671336802 0.05089033430895551
0 0.49873682636930516 0.48765699776050486 0.018478549486909836 0.05556874394987581
0 0.5185785073151038 0.40708370863108917 0.018387630508958353 0.05166249394987581
0 0.49557284593659673 0.6235944977605048 0.02207567496187508 0.04231021984757497
0 0.5204104981970481 0.5633018923743106 0.013064350873680653 0.05788067769309713
0 0.5880999591593742 0.910517259958949 0.02794446846486114 0.0595295361043533
0 0.5092905070307634 0.6047672297083281 0.015553571238402952 0.0641443132317164
0 0.5787639395920827 0.774652482831586 0.0164802916031249 0.07039885841125634
0 0.5311142216959024 0.43903769057891245 0.019223431895729347 0.05401078912941557