0 0.39609375 0.5234375 0.028125 0.05234375
0 0.04453125 0.63828125 0.03671875 0.02890625
0 0.11953125 0.4828125 0.03828125 0.0234375
0 0.11015625 0.40859375 0.040625 0.02734375
0 0.50234375 0.52578125 0.034375 0.0234375
0 0.590625 0.23046875 0.0328125 0.0203125
1 0.115625 0.41796875 0.0203125 0.0140625
0 0.08203125 0.3578125 0.0421875 0.02265625
0 0.53984375 0.48984375 0.03046875 0.0234375
0 0.5203125 0.49296875 0.0359375 0.021875
1 0.5125 0.51328125 0.02421875 0.0171875
1 0.71953125 0.0328125 0.01953125 0.0140625
1 0.4140625 0.540625 0.02109375 0.03046875
0 0.70625 0.025 0.034375 0.0265625