0 0.07237399937631825 0.696813991597043 0.03973674214211713 0.03280984140676253
0 0.11391299007069336 0.7820047336883776 0.029728195409104784 0.06905108893530461
1 0.12748318444634082 0.754056147224531 0.012356604838564244 0.030914418973360825
1 0.35736531368712315 0.379153011825817 0.01390198821317572 0.047352502471457926
0 0.38825359470436976 0.40372458889812357 0.018645146194893058 0.06548041996194395
0 0.3633413318840882 0.35621026034294234 0.020062096980681333 0.06241908695813834
0 0.40127582547394736 0.3303998354380825 0.03761131596343468 0.03740184091247105
0 0.41871588254604203 0.3015108314837498 0.03957407630251701 0.04605925790866543
1 0.42749372311658257 0.338724330000875 0.025528692927905362 0.029111838441013126
0 0.7416291135205074 0.6131871832334547 0.024567660462916762 0.058703837946721474
1 0.7554026691448599 0.6400215972638995 0.011611742142117265 0.031663835475263545
0 0.7416870413518197 0.9505426031953986 0.037955918320799496 0.028058674410568328
1 0.7603471501193253 0.964654182739163 0.024800946856846907 0.013486838441013305