0 0.10107020071524357 0.7261707536180446 0.029274409542724512 0.0647961623699004
1 0.419210104895215 0.36952012041964377 0.019722147540672096 0.033836089439121864
0 0.3552794151018694 0.38881899705932393 0.016774409542724557 0.06414106512886235
1 0.7257939865250094 0.9799374785148156 0.02120283430895533 0.019855476594251797
0 0.7114259177341481 0.6581886312737776 0.02063520774732641 0.05653328301668683
0 0.3987339784317818 0.34033058740295696 0.03537441861791084 0.03934246099041942
1 0.11811680014950951 0.7028527623244718 0.014971015027114643 0.02265292797373277
0 0.7062536461659299 0.9765168010790244 0.03386646077238851 0.046966397841951134
1 0.7217139779408025 0.6813771477821209 0.012686352361132159 0.03268634724103805
1 0.3491157735131257 0.4033351984388049 0.015102825233769046 0.045309177973732594
0 0.07406681829988213 0.6489974219808389 0.03766817164297294 0.030871541723114147
0 0.38438565300162103 0.42470890942922435 0.027607370413308983 0.04674552521477064
0 0.4149856923274283 0.3146279025318194 0.035392599336070064 0.042467460990419426