0 0.6084664856283629 0.4523309241114385 0.042520422433401886 0.028066498782184014
0 0.635219986616946 0.44717977394928266 0.030547004448624192 0.021611947240056394
0 0.11358902022877404 0.29702323011449766 0.04386008794672147 0.0226250223211343
1 0.12928300441144325 0.37169594764709357 0.02638608646384668 0.015293763392680581
0 0.726440483194086 0.06695075731019123 0.0392999219391104 0.02566820170428332
0 0.13022873908840404 0.44428401379971766 0.04154817144481866 0.023365362012708956
0 0.12913842437338716 0.3560845844165687 0.04645850593149907 0.028915932629559826
0 0.10053196882244894 0.5408277771923984 0.04232942144481866 0.023378998782184014
0 0.5820339782139892 0.4879235507346439 0.040049338441013126 0.02490058847375849
1 0.5959837316740302 0.4712854756535661 0.029574753460041237 0.01691081047058134
1 0.43709952711167527 0.653618508931749 0.030419670456235438 0.018486947240056395
0 0.41796752513450885 0.6633207913991531 0.04226575444862437 0.021816498782184012