0 0.5228213014860141 0.6108074377936221 0.013448223945152016 0.05435191897336082
0 0.5343923482190265 0.5746298572612745 0.014447797766469605 0.059071252471457926
0 0.5012352458616616 0.5826360168430951 0.0135573858558109 0.05669566897336083
0 0.48646642452154343 0.617123763383054 0.013411836641599173 0.053570668973360824
0 0.5031765814698035 0.540607684333581 0.017427248552257878 0.05607358646384668
0 0.516235199542934 0.4694011877936221 0.015156273159363742 0.057540585969555025
0 0.5639320291552198 0.2545693666528146 0.023405420801998922 0.06723392095052709
0 0.5572753066578098 0.1451306996566202 0.023441808105551944 0.06801517095052709
0 0.5002077851510759 0.42664068482787254 0.016937096980681333 0.06229175296574958
0 0.48096547952672336 0.3985647643716371 0.015573650123834427 0.049759919467652305
0 0.4657900514860141 0.6084835924325269 0.013484611248705036 0.055133168973360826