0 0.2455929893633329 0.5279999200349984 0.04585801386770836 0.023964758672817867
0 0.45763708805281195 0.6172095127307242 0.03372168977951393 0.03944430800445424
0 0.7896495010468397 0.655457136775904 0.04594893284565984 0.027871008672817867
0 0.6271313172512494 0.6543475280871778 0.04302395459715278 0.03642839600572696
0 0.2819850842530899 0.5088868407065437 0.049019381458888935 0.02556362133990877
0 0.28367879008451363 0.3018192280394527 0.0437688370059723 0.03487498667249973
0 0.2323156586256247 0.32622833469922574 0.04355063145888884 0.025499986672499732
0 0.24448573746347185 0.47484764803468027 0.04827449905006951 0.027117030673136
0 0.792140681042708 0.548425886775904 0.04625805737069442 0.04115225867281787
0 0.9156268535360409 0.8499440281269488 0.03742791802802081 0.03089601133831792
0 0.7604880246981939 0.699661122772086 0.03610180737069442 0.04103408000477256
0 0.255897975779965 0.3538538953691802 0.04273301386770836 0.023928396005726958
0 0.9069246539728812 0.820928690125676 0.04540407218833344 0.03801816800604527
0 0.8609049455760063 0.75006165945254 0.03686552678548623 0.07384658000477255