0 0.47356890472520935 0.557933862016004 0.028754331555913736 0.02469603693163087
0 0.7670521361681836 0.6959251911575671 0.025265310509226247 0.018391489853730292
0 0.6509240051204974 0.13879057549141027 0.03376805524755433 0.01697899431795715
0 0.7862648677523321 0.6901155219206878 0.030134821032569904 0.02159831047058134
0 0.7679544835091127 0.7248450779270422 0.032524073663405775 0.022420470779006864
1 0.21249083667641117 0.170686826705931 0.018560284200867017 0.01046989569792891
0 0.8898624916839692 0.427886482960462 0.03297909997176518 0.030232970779006864
1 0.7538464808782768 0.7243092897775953 0.023657307878390377 0.017582966314779826
0 0.8484639469597586 0.41531434497317077 0.03183382892507751 0.023969334009531627
0 0.34605522362105356 0.06043334496987555 0.03169732103256999 0.02162558400953163
1 0.6297392498588257 0.13759626826723986 0.015571792093374804 0.012759098620028197