0 0.5703125 0.57734375 0.0265625 0.0234375
0 0.29375 0.715625 0.0234375 0.01796875
0 0.375 0.175 0.03125 0.015625
0 0.009375 0.0859375 0.01796875 0.0171875
0 0.275 0.7109375 0.028125 0.0203125
0 0.29453125 0.74375 0.0296875 0.02109375
1 0.8015625 0.19765625 0.0171875 0.01015625
0 0.16015625 0.45859375 0.03046875 0.02890625
0 0.00703125 0.1890625 0.0125 0.01796875
1 0.30859375 0.74296875 0.021875 0.0171875
0 0.19921875 0.44609375 0.0296875 0.02265625
0 0.665625 0.09375 0.0296875 0.0203125
1 0.3953125 0.17265625 0.0140625 0.01171875