0 0.4859375 0.2890625 0.03046875 0.0203125
0 0.16015625 0.12890625 0.03359375 0.01875
0 0.40625 0.721875 0.0265625 0.03125
0 0.7625 0.659375 0.028125 0.01953125
1 0.50703125 0.2828125 0.01171875 0.009375
1 0.41875 0.721875 0.02109375 0.01640625
0 0.41875 0.71015625 0.02890625 0.01796875
1 0.775 0.66484375 0.01796875 0.01015625
0 0.16171875 0.21171875 0.02890625 0.01875
1 0.9734375 0.2828125 0.01484375 0.01171875
0 0.86484375 0.1796875 0.03046875 0.025
0 0.2578125 0.35 0.03125 0.025
0 0.31171875 0.353125 0.03125 0.02421875
1 0.16796875 0.1375 0.0171875 0.01171875
0 0.60078125 0.03125 0.02578125 0.0203125