0 0.5351973245942305 0.5461951203440629 0.036201129336408934 0.023492704597152782
0 0.07175134790741336 0.6838859971502085 0.04168806066995438 0.025182491166284748
0 0.07946439791536752 0.625455901310521 0.04328692333704529 0.028343858757465413
0 0.0767950259389119 0.45190929853697914 0.03777272000318166 0.024310322188333445
0 0.08491551392427621 0.5599400040840626 0.036964198002863526 0.02194838839274311
1 0.07730246125082199 0.6097763499237501 0.021266472668681712 0.01533471248093754
0 0.628517326543642 0.9211243447928478 0.035438060669954294 0.02503702080156245
0 0.5121507232654576 0.5120558564763547 0.0361738573360908 0.02114895459715278
1 0.5244689099300033 0.5279717972057991 0.02514545066836362 0.013081881458888844
0 0.37553306528486585 0.36586857465687533 0.03772726666931803 0.020404072188333355
1 0.3934109086171387 0.37409930195545177 0.026753404002227123 0.01702449905006951