0 0.4340016122989855 0.19054377308267326 0.05012803213245363 0.03239557912218753
0 0.31895430766749666 0.4953605192829511 0.022949418184115535 0.09109777868534721
1 0.4444019032069278 0.23558351614881906 0.04123876543940632 0.022039307370694504
1 0.4737998981923628 0.19117889950756903 0.030551318025830908 0.03037848423243057
1 0.3402155422280905 0.5159451230064234 0.027372493731793845 0.05528756525447918
0 0.4359756377675216 0.25685910410472185 0.05423887061225567 0.03951774810013893
0 0.4340016122989855 0.19054377308267326 0.05012803213245363 0.03239557912218753
0 0.31895430766749666 0.4953605192829511 0.022949418184115535 0.09109777868534721
1 0.4444019032069278 0.23558351614881906 0.04123876543940632 0.022039307370694504
1 0.4737998981923628 0.19117889950756903 0.030551318025830908 0.03037848423243057
1 0.3402155422280905 0.5159451230064234 0.027372493731793845 0.05528756525447918
0 0.1741800506078677 0.7485608673068401 0.042670884798020656 0.07125805737069442
0 0.4359756377675216 0.25685910410472185 0.05423887061225567 0.03951774810013893
1 0.1964271236482636 0.762096037234722 0.023633728292387614 0.034121080072118205
0 0.34735444081616473 0.5657451012549302 0.03825616943775678 0.08052395459715278