0 0.4171875 0.6 0.0359375 0.01953125
0 0.1546875 0.10390625 0.03671875 0.03984375
0 0.42265625 0.675 0.040625 0.021875
0 0.44375 0.6390625 0.0234375 0.04375
0 0.42265625 0.75625 0.0140625 0.05390625
1 0.16640625 0.1140625 0.0234375 0.0171875
1 0.4140625 0.73984375 0.00859375 0.046875
0 0.434375 0.66171875 0.009375 0.06484375
1 0.76953125 0.39453125 0.009375 0.0109375
0 0.67734375 0.01953125 0.03671875 0.01640625
1 0.69765625 0.01015625 0.02734375 0.01328125
0 0.10625 0.196875 0.02265625 0.05546875
0 0.7546875 0.41796875 0.028125 0.046875