0 0.36875 0.496875 0.03046875 0.05
0 0.384375 0.35546875 0.0390625 0.0203125
0 0.396875 0.34140625 0.0390625 0.021875
0 0.39609375 0.403125 0.04140625 0.021875
0 0.3890625 0.49921875 0.03359375 0.04296875
0 0.36796875 0.3265625 0.0328125 0.02890625
0 0.37578125 0.4546875 0.0359375 0.04296875
0 0.634375 0.68359375 0.0375 0.04296875
0 0.89765625 0.88515625 0.02109375 0.06328125
0 0.36953125 0.23828125 0.02734375 0.02578125
0 0.86640625 0.8015625 0.04296875 0.0328125
0 0.53984375 0.72890625 0.01875 0.0421875
0 0.81015625 0.81796875 0.01796875 0.06875
0 0.8625 0.9203125 0.04765625 0.04609375
0 0.878125 0.9765625 0.04296875 0.0296875
0 0.81953125 0.6515625 0.0359375 0.0515625