0 0.2734375 0.43515625 0.02890625 0.028125
0 0.390625 0.6125 0.02265625 0.028125
0 0.2921875 0.3796875 0.028125 0.0203125
0 0.48125 0.02421875 0.02890625 0.0265625
1 0.6421875 0.396875 0.01640625 0.01796875
0 0.38046875 0.6421875 0.02890625 0.01640625
0 0.38984375 0.678125 0.028125 0.02265625
0 0.0734375 0.06875 0.03046875 0.01953125
0 0.08125 0.003125 0.03125 0.00625
1 0.39765625 0.67109375 0.021875 0.01953125
0 0.62890625 0.40625 0.0234375 0.0328125
1 0.859375 0.0625 0.01796875 0.01484375
1 0.5 0.01875 0.01796875 0.0171875