0 0.11068957349061373 0.6625351818187809 0.04059028366526398 0.04443183847375849
1 0.34321929817805225 0.3817452832814783 0.014918161069925695 0.047106825081077906
1 0.3934449874709463 0.342564006496117 0.025910224772256463 0.048860239853730295
0 0.7378151017984 0.8915786103944463 0.0377281784931208 0.029547178165332966
1 0.7580903962634373 0.8677729176186167 0.022157742195451746 0.030836942775829712
0 0.39391621342432914 0.31128673295716675 0.017834829944399645 0.06355398538950344
1 0.7394494905509891 0.6249814456217939 0.018787205534962936 0.023751145697928955
0 0.9851358548458455 0.9747012073929167 0.029728290308309015 0.017142635551659423
0 0.09378976096940922 0.581530643669334 0.036629469962933106 0.042801154626382495
0 0.7280209172300115 0.6111098603944464 0.03458582032575279 0.051353994317957154
0 0.41219249827071947 0.2750083137202875 0.03690228847458741 0.050613654626382676
1 0.12544155425332004 0.6372624464292775 0.01412698738612823 0.024450575081077907
0 0.3514856659640671 0.3722202788172514 0.01702629809323426 0.0627590986200282
0 0.3994147344757214 0.379200935879266 0.03988095553496294 0.024119338473758488