0 0.32870073117973864 0.5006037373846063 0.02713284437251211 0.05350814371369381
1 0.3438163952101835 0.5138314834556648 0.028394255437207506 0.02705480562435252
0 0.6598697485171252 0.03777852150222475 0.04276050296574958 0.016027414391858154
0 0.43163738878439284 0.5484483860606987 0.0393317554372075 0.02756422787409356
0 0.019435784316084264 0.47830909057054055 0.03887156863216853 0.025329639784752445
0 0.014705833850225364 0.40496148180303493 0.029411667700450728 0.029454213606069857
1 0.010541269002340323 0.41995078101724664 0.021082538004680646 0.013628006410140791
0 0.5304847015594245 0.2548311267550737 0.036206755437207506 0.027418678659881835
1 0.4417127257425312 0.5316975337033337 0.029606586958138337 0.01853383023145838
0 0.4618169787082807 0.5185447162921569 0.05671025642579064 0.03305224855225788
1 0.48128456171208633 0.5210168988809802 0.023420253954332716 0.01980523180303493