0 0.246875 0.4875 0.04453125 0.0296875
0 0.23359375 0.35078125 0.04296875 0.01953125
0 0.2734375 0.3390625 0.0421875 0.03359375
0 0.27890625 0.521875 0.04453125 0.02109375
0 0.2484375 0.5359375 0.0421875 0.0234375
0 0.75859375 0.64921875 0.04140625 0.0265625
0 0.81796875 0.75859375 0.04453125 0.034375
0 0.2515625 0.37734375 0.034375 0.01953125
0 0.865625 0.8296875 0.0390625 0.03046875
0 0.7390625 0.540625 0.04296875 0.025
0 0.58671875 0.63125 0.03671875 0.03828125
0 0.71953125 0.68203125 0.01953125 0.053125
0 0.79921875 0.72421875 0.025 0.04765625
0 0.43984375 0.6296875 0.01875 0.0453125
0 0.2734375 0.375 0.02109375 0.04453125
0 0.853125 0.8015625 0.0359375 0.03359375
0 0.23359375 0.2484375 0.02734375 0.02578125