0 0.36796875 0.58671875 0.02734375 0.046875
0 0.37890625 0.5515625 0.034375 0.040625
0 0.38671875 0.51484375 0.03984375 0.0203125
0 0.3875 0.5921875 0.02890625 0.0453125
0 0.603125 0.81015625 0.028125 0.05390625
0 0.52265625 0.84609375 0.03125 0.02109375
0 0.390625 0.44765625 0.02890625 0.0421875
0 0.3609375 0.45 0.03125 0.0328125
0 0.803125 0.984375 0.04140625 0.02578125
0 0.3796875 0.46171875 0.034375 0.0296875
0 0.76796875 0.7015625 0.01875 0.06640625
0 0.8328125 0.89296875 0.03515625 0.028125
0 0.8625 0.971875 0.01875 0.0515625
0 0.7828125 0.9140625 0.01171875 0.065625