0 0.3207645107813129 0.84453125 0.03926249466899989 0.0171875
1 0.30363155478194925 0.84921875 0.0322676073360908 0.0203125
0 0.29362875143217726 0.728125 0.03690965400222712 0.01640625
1 0.2801747787634955 0.71328125 0.021384651336727067 0.025
0 0.6393112320575882 0.42421875 0.019549978675999568 0.06875
0 0.7185094780792236 0.58359375 0.016997143340227082 0.05078125
0 0.7433185740769964 0.5671875 0.015534640674726851 0.059375
0 0.6990958594048149 0.5265625 0.015598275342135893 0.06484375
1 0.7564907360757237 0.5578125 0.008357940006363408 0.046875
0 0.5708259560789054 0.58125 0.03634658000477238 0.03515625
0 0.9147486787475871 0.59609375 0.04719317333704538 0.02734375
0 0.8966975654041786 0.521875 0.03792726133831792 0.03671875