0 0.795321777189103 0.363184381335207 0.044090919236879245 0.019785780054229284
0 0.786271879866321 0.56076790846257 0.04269206047058134 0.029151689695149585
0 0.784604239850435 0.5099821132830302 0.04750229139585791 0.03621021077238851
0 0.7531866444768177 0.544952010921898 0.04650285308425524 0.023705665592848747
0 0.755314385955401 0.3535775771786767 0.045144904626382674 0.035415325233769133
0 0.2453622820570717 0.6755777586824028 0.04271933400953163 0.030714189695149587
0 0.7770627008902091 0.3912002970262515 0.04017103246740419 0.0189818041565303
0 0.5842338672844193 0.6666128666026798 0.018087526785361165 0.05166249394987581
0 0.14176749796481453 0.8718300690854491 0.0450221737011061 0.028384075233768867
0 0.2722230166357962 0.5585584303253757 0.04258296631478 0.022901689695149587
0 0.754474634737585 0.3949747368195971 0.029065937093786687 0.05406987646343318
0 0.20220834577406385 0.7542249334486337 0.033726163554836396 0.05253464754067192
0 0.19040382101729753 0.7939959605759968 0.050613654626382676 0.03544714149054773
0 0.4379492025117669 0.6548254180287356 0.03979888555165907 0.04241475897699054
0 0.15765555072475806 0.8422380178557851 0.038731263392680626 0.02600396379745078