1 0.629471800625123 0.5460251892505038 0.028752482576804895 0.018296014003817973
1 0.5196850836574148 0.46836436059836684 0.028162205534962938 0.02375567333704538
0 0.9615799177781656 0.4100758618714605 0.041416173683797554 0.023128964672181597
0 0.9599677993591786 0.2967673398711423 0.042170141832632166 0.02235680533895428
0 0.9578869773041454 0.5281355185391877 0.039017859981466785 0.02153919267186346
0 0.9818923846610559 0.35429802920118786 0.03621523067788814 0.0317590773392725
1 0.982844793368729 0.36996848253505155 0.025545637023308386 0.015915901336727066
0 0.5091196058899333 0.45676378926641215 0.03557540145127884 0.03477498933799979
0 0.4893701010806099 0.4507410559357302 0.0336855192372937 0.02538180800445424
0 0.3994196466419554 0.02348875994591158 0.03519345553496276 0.023837489337999784
0 0.5339931203179036 0.47523197859645777 0.035302582939624474 0.026962489337999784
0 0.6479589057972661 0.5606598539147312 0.03904514183263199 0.02232044267186346