0 0.14765625 0.29296875 0.03359375 0.01875
0 0.49296875 0.59609375 0.02578125 0.028125
0 0.5203125 0.58515625 0.02734375 0.0328125
1 0.15625 0.30703125 0.01875 0.009375
1 0.503125 0.590625 0.02109375 0.0234375
0 0.5359375 0.596875 0.02109375 0.0234375
0 0.525 0.55234375 0.028125 0.01796875
0 0.66328125 0.06484375 0.0265625 0.01875
0 0.9921875 0.4796875 0.01484375 0.015625
0 0.8859375 0.78515625 0.02734375 0.02109375
1 0.89453125 0.79765625 0.01953125 0.01328125
0 0.271875 0.44375 0.02890625 0.0203125
0 0.234375 0.3078125 0.03125 0.025
0 0.19375 0.3515625 0.02890625 0.01875
1 0.53984375 0.55 0.021875 0.01328125