0 0.8335440653467934 0.565661039913096 0.03166420616793495 0.1473309183207995
0 0.5710390869463398 0.7120438500855625 0.027403292102784426 0.13699273180303492
0 0.269555976416719 0.5451304476854164 0.02858384618646852 0.1261280064101408
0 0.42923608829710214 0.14926352192101872 0.031245054716656284 0.11299230562435252
0 0.24264130155179528 0.48944552791687473 0.03313493693064133 0.12244008023145839
0 0.31540166743889364 0.8627866745260526 0.03020090988879929 0.12776328101724665
0 0.45258430826003526 0.10605717742153671 0.038757454353836526 0.10476242865988179
1 0.6008282798674308 0.663077657157657 0.020778780670039153 0.08130565798171752
0 0.833058003543379 0.19987337407349579 0.027748032484137753 0.12452911910658786
0 0.15576871789438052 0.9669391352366382 0.02278522477225655 0.049419957195929246
0 0.01133618178362731 0.10957405314315313 0.02267236356725462 0.1105030064101408
0 0.19124996025946825 0.2859245756833444 0.038794659888799286 0.1281635413563289
1 0.8926735618034144 0.3242333651821556 0.0398834447351895 0.0923352032669877