0 0.11679299715403564 0.7388857588787946 0.036278419236879245 0.019740328258831142
0 0.47681328489974073 0.4199191529034252 0.027861947240056396 0.029846581283893413
0 0.5051428364418683 0.4318015293668583 0.029506267856907444 0.034543171642972936
1 0.12512764853400743 0.7240920058537326 0.019694891233702005 0.009488629488495093
1 0.487846242286067 0.4254515354169824 0.02231137662320535 0.02512726502711473
0 0.5228933981302657 0.4194060684962738 0.023092626623205346 0.025131810206654493
0 0.5112116042987758 0.4662083456236369 0.030028419236879246 0.019703966822512697
0 0.6671141456913383 0.984250339377121 0.028465919236879245 0.019694876463433174
0 0.9999592291986641 0.5464155587337165 0.00008154160267181965 0.016460792154477842
0 0.8897285219140972 0.22234173359814324 0.03006932954530477 0.0220477168225127
1 0.8980768100635441 0.20832923057308114 0.02055796185055314 0.01418067466803503
0 0.24526109618110095 0.5802743490414825 0.030836942775829535 0.021271012002052458
0 0.20715889853400737 0.7245692497054124 0.033276150162155814 0.02675339754067192
0 0.16415319236549722 0.6774488100102627 0.03160455600635444 0.020494307181592397
1 0.5276724013766765 0.4694287943939729 0.02290171185055314 0.014194310206654492