1 0.42425712555006323 0.6116112510257642 0.030451503954332538 0.01995967292769336
1 0.5341321912536632 0.5326333582498576 0.029924921939110404 0.026177839429596263
0 0.06468451288876231 0.4581281763877345 0.04317433844101308 0.025937758897248565
0 0.057470237679891366 0.33850142589344295 0.04467317144481868 0.02443892589344294
0 0.07752670558811925 0.5818840113687065 0.04154817144481866 0.024311591901054187
0 0.03648391703337543 0.3977026709505271 0.04189833992388783 0.03290534190105419
1 0.03952800399151375 0.4149856714448187 0.027231003460041103 0.017488588935304604
0 0.5437791052841081 0.5205471937251211 0.03740184091247105 0.037401840912470875
0 0.5638369372993305 0.5151248646756482 0.0354573389353046 0.027963173916276673
0 0.6244070923953458 0.068340047983465 0.03692433844101313 0.025683090912471007
0 0.518793692736538 0.5390279382879137 0.037051672433401885 0.02880809091247105
0 0.40611196201390987 0.6256909970714315 0.04076692144481857 0.024279758402957086