0 0.37890625 0.68768575342286 0.025 0.055706171939110406
0 0.5515625 0.4954943003433797 0.03984375 0.026623508402957085
1 0.3953125 0.6979547499628189 0.025 0.025237421939110227
0 0.57578125 0.49372621190236676 0.02890625 0.01992783942959626
0 0.3796875 0.6892164199247629 0.025 0.054143671939110405
0 0.53046875 0.5315100547920041 0.0359375 0.02099559091247105
0 0.64453125 0.1495186140698135 0.03515625 0.025651257414373817
0 0.0734375 0.5891951511788636 0.0390625 0.021904174904859807
0 0.109375 0.5049183102663927 0.0390625 0.02424792490485963
0 0.084375 0.3621869822055029 0.04296875 0.023625842395345754
0 0.10703125 0.4143888107606841 0.04140625 0.03215592539915128
1 0.540625 0.5146899693167406 0.0265625 0.015926088935304606
1 0.10703125 0.4253263107606841 0.02421875 0.01426808844101295