1 0.7125802195168991 0.08125143372774626 0.022579693652651577 0.025110087946721472
0 0.6910318284506722 0.06648593817637054 0.03818196159934022 0.024965507908665384
0 0.045181085510301186 0.34309874258562617 0.04138952962517115 0.054748508402956995
0 0.39341662635173646 0.7520665884038321 0.04111674498543501 0.045373508402957084
1 0.38052416976696113 0.6853247573771928 0.013772994985435095 0.04425933596955502
1 0.06702499326957542 0.3680204881370019 0.007440426959604141 0.01434900148287479
0 0.3752971121659715 0.7207356753619704 0.03339517319868044 0.048180173421985016
0 0.6986758100417652 0.382955855172565 0.026613975785105205 0.05648742193911023
1 0.7129285266556703 0.36203851870871817 0.015571175705962758 0.025604836463846682
0 0.030403183161303287 0.4266115795437645 0.036133728292387646 0.035026257414373776
0 0.32589049406099824 0.6625212687458992 0.022199260424841327 0.0656714209505271
0 0.364271032461658 0.6374920938410394 0.03856840650563296 0.03824675790866543
1 0.31537053120801684 0.6504351042211628 0.015471887305303156 0.04901050296574958