0 0.59375 0.475 0.03828125 0.025
0 0.43984375 0.62890625 0.03671875 0.02265625
1 0.46015625 0.6171875 0.0265625 0.009375
0 0.6203125 0.47421875 0.021875 0.0125
0 0.13984375 0.39140625 0.04296875 0.028125
0 0.15078125 0.56484375 0.03515625 0.0234375
0 0.14921875 0.45078125 0.03671875 0.02421875
0 0.14375 0.33515625 0.04140625 0.0265625
1 0.1375 0.40625 0.02109375 0.01328125
0 0.69453125 0.0921875 0.03359375 0.01875
0 0.57265625 0.5078125 0.0359375 0.021875
1 0.584375 0.496875 0.02734375 0.0171875