0 0.4632514789486078 0.05739823831787422 0.028184542102784427 0.11479647663574843
0 0.2050495654316114 0.2704622415229446 0.029938015060942468 0.1425706437136937
0 0.6617410534507118 0.1025553800693518 0.03442461841898705 0.11470035483856425
0 0.9670237426587878 0.45102699752330977 0.03132690027015243 0.11533605562435252
0 0.6900644608924404 0.14023516253434054 0.03350695916315978 0.11075771753501132
0 0.9059200623515686 0.5256310452897794 0.029600709163160134 0.11057578101724666
0 0.7307415353945446 0.20385886083892943 0.03464287322831048 0.12095035483856424
0 0.132420564165667 0.5187585004142848 0.036396346186468476 0.1264918794456701
0 0.4902206512816428 0.5917913161728316 0.026984140651505582 0.10265411910658777
1 0.1927628418404812 0.39895111455847393 0.02404018992586625 0.08535745719592906
0 0.4729860220628826 0.6386128122438903 0.02938245435383635 0.10432578101724665
0 0.4405034597113141 0.0723007615819365 0.01910715326537744 0.07810788337461153
0 0.9451636116259291 0.5409627928085801 0.033916186930641246 0.12247646753501122