0 0.4064009240929048 0.6611686582736785 0.024827824673772446 0.053754331555913734
0 0.570734502068724 0.4733515979056266 0.0385630606699543 0.026448378910960458
1 0.42214410276095016 0.6704148556569599 0.024491470003181703 0.024848081555913736
0 0.5941629114019514 0.4712052689805488 0.028343176002545434 0.020388094710093264
0 0.4072003554264502 0.6626856556428425 0.024818734006999677 0.05297308155591374
0 0.5508129007399513 0.5081284163073606 0.03459317600254543 0.020752115756780754
0 0.6559607406906353 0.13847679799033116 0.033857379336408935 0.02461286312594475
0 0.11063334341181456 0.5720731500988221 0.03772726666931807 0.02171537628012441
0 0.14407200473422416 0.4896022843420414 0.03775453866963625 0.02405912628012441
0 0.1182442067154523 0.35273161589795504 0.04165169800286348 0.023505389434303935
0 0.14149135005567925 0.4021932896037132 0.04096135467059074 0.03127238680346807
1 0.5607873374044967 0.4919118821064936 0.025944882001908986 0.015564086817585476
1 0.14083736939049735 0.4131762922345491 0.023592041335136305 0.014646328925077867