0 0.5903318351437088 0.5237485129840111 0.032185058231457474 0.0478289668225127
0 0.6110537709193575 0.5158178383159762 0.027579445386587232 0.04936419574527377
0 0.5963029534156459 0.3800076033430908 0.03070444538658723 0.04938237646343309
0 0.6079840818643485 0.3955598804704539 0.03634029172311415 0.03769998789975162
0 0.08281374774075176 0.9234551598373122 0.021408010515449584 0.06572953912941557
0 0.6001505704443877 0.4854218111886131 0.03753097749876275 0.04551703307929138
0 0.36151968114155136 0.7617262777165383 0.026508268317365767 0.058730105386194255
0 0.632325662597043 0.39307522990471977 0.027009557326946165 0.023587490924813714
0 0.5987861442796774 0.4518462419067723 0.04173047659425162 0.021330099336070062
0 0.4421997930819105 0.7870302838648583 0.03317767017181659 0.022061352361132158
0 0.19952204941348853 0.6189625816766767 0.01968173620519007 0.06259544877033604
0 0.11856754127288811 0.8373358526557197 0.04098684814554918 0.03694600897699054
0 0.16832520183376623 0.8565716659856321 0.016720510515449583 0.06570226805217701
0 0.15641502205101127 0.9199029129605701 0.04308493668015991 0.03227214451560982