0 0.2423770672608369 0.720268350553996 0.03233233893530461 0.027471782132453625
0 0.573906957070994 0.6027221155311837 0.029143671939110403 0.02581835391920819
0 0.33069819615939805 0.14930028417751767 0.03370383794672147 0.022829746239076344
1 0.34919352817462046 0.14359585345698983 0.023851335475263545 0.01083821159934022
0 0.14834458847819412 0.4233502349563052 0.03386300543720746 0.026735996239076344
0 0.2664658246752107 0.7560838301000248 0.03301808844101313 0.025150764185764986
0 0.10556683946677729 0.42678747202418155 0.03486708992388783 0.0322274782923877
0 0.6559435938782205 0.06902672862159205 0.03611125494291585 0.02446044239901033
1 0.28193165718472474 0.7526322211662516 0.025764003954332714 0.019477425705962937
0 0.26359815125322567 0.7240071159934022 0.025859504448624282 0.02182117570596276
1 0.8089332841061196 0.18506456875074676 0.01772866946765248 0.01378135517284953
1 0.5900267055881192 0.5961682386507219 0.011446835969555202 0.012818248746358663