1 0.3890625 0.5609375 0.02734375 0.0171875
1 0.49375 0.48359375 0.0265625 0.02265625
0 0.059375 0.43203125 0.0390625 0.02265625
0 0.05703125 0.3203125 0.040625 0.02109375
0 0.06640625 0.546875 0.0375 0.02109375
0 0.0328125 0.37734375 0.04296875 0.03046875
1 0.0375 0.3921875 0.025 0.015625
0 0.50390625 0.471875 0.03359375 0.03359375
0 0.52265625 0.46640625 0.03203125 0.02421875
0 0.59609375 0.046875 0.03359375 0.02265625
0 0.4796875 0.490625 0.03359375 0.02578125
0 0.371875 0.57578125 0.0375 0.02109375