0 0.4346377133852415 0.5500955701150433 0.03748275395433272 0.02024617441056815
0 0.3445048033091293 0.5225700893924152 0.03300084239534575 0.044242089923887916
1 0.4146435483662135 0.5431107410655704 0.02641791996194396 0.016675505437207506
0 0.3751990463890471 0.5540774159704303 0.027005510380123353 0.050237421939110405
0 0.326776133841477 0.5365516763505536 0.02809050790866543 0.038582338935304605
0 0.7719069031188489 0.42715949992563795 0.03682883794672147 0.023339340912470873
1 0.7888370765408339 0.394491579963694 0.021603085969555024 0.013359504448624372
0 0.7723300088600675 0.3210686674161239 0.041580004942915846 0.025092841901054187
0 0.7465792978719218 0.5319252543742622 0.03595208745242999 0.020963757414373774
0 0.7979083290122919 0.38242266148462484 0.04239308844101295 0.025905925399151375
0 0.2579769846769608 0.06202386163553662 0.034389587452429905 0.020900090418179418
1 0.7801796595446395 0.3964042484427631 0.005069501977166269 0.009566000988583134
1 0.36407054540046396 0.559210584943791 0.02024617441056815 0.03748275395433272