0 0.8732939892664238 0.05903689962162675 0.03537510875746506 0.04436942391627661
0 0.254132294071667 0.4025361150955777 0.03008819671336811 0.05195908942959626
0 0.5822436827487506 0.6237638803814359 0.029125108757465414 0.04411475593149916
1 0.6203632382195841 0.7160495394689649 0.011320012917777688 0.05041383547526355
1 0.5981050720914242 0.633283460419492 0.017551829122187536 0.049887253460041234
1 0.854362804520903 0.08561398707405664 0.008285278685347208 0.020630834980971957
0 0.6146042007005215 0.7373979574537424 0.014663218464861138 0.05991616946765248
1 0.23565439779513922 0.38139328555181323 0.008811955547083361 0.009725168479069169
0 0.6079333605604171 0.5851815414461312 0.03644664627652787 0.023339340912470873
0 0.9327436840799308 0.16061930426053145 0.020168336056041625 0.061701503954332715
0 0.6050278725282645 0.6619350424347143 0.03966256525447918 0.02737292490485981