0 0.24296875 0.5005252179082278 0.04609375 0.026878176387734598
0 0.28203125 0.5310231428130876 0.04609375 0.026878176387734598
0 0.24609375 0.5483088019006166 0.04296875 0.025969592395345843
0 0.278125 0.3347702253226017 0.03828125 0.03827859140676253
0 0.2296875 0.36092154844057556 0.04296875 0.026750842395345753
0 0.25078125 0.39068730288919984 0.03984375 0.028967258402956997
0 0.278125 0.3675827253226017 0.03359375 0.0482438404181794
0 0.7546875 0.684657409161891 0.04296875 0.026750842395345843
0 0.76484375 0.5889774946371545 0.04453125 0.04556450939154004
0 0.8875 0.8689753538384144 0.03828125 0.03280984140676253
0 0.6140625 0.6804898795043959 0.0421875 0.030625258897248563
0 0.73359375 0.7291104047132668 0.0421875 0.03843775889724856
0 0.8 0.7661912520515284 0.0359375 0.05771434091247105
0 0.4484375 0.6299911779077904 0.03359375 0.0404313404181794
0 0.2328125 0.23683013243296433 0.01796875 0.028857170456235526
0 0.82578125 0.7703667574887358 0.0234375 0.07126750494291585
0 0.8765625 0.8450921848650536 0.04375 0.03381392589344294