0 0.7274255240326037 0.45781556989977734 0.049946101823611144 0.03182271200668154
0 0.7278625883371524 0.40548091056655 0.04742051386770836 0.023982940006363408
0 0.7387779852792703 0.6076428472310956 0.04663926386770836 0.02397384933959046
0 0.6906853241851036 0.6269473779042316 0.04529496941479181 0.03333066800604527
0 0.6923062948341663 0.42307749057132255 0.04900119766329851 0.024782371339908772
0 0.5191435113991665 0.3126228905951851 0.029088741166284748 0.04173351400381797
0 0.3515929886977428 0.2966086339513204 0.04622168977951393 0.03958975867281787
0 0.7191019181249301 0.5805354545671865 0.038790396276527875 0.02232044267186346
0 0.17677482665364558 0.29083244330841024 0.047529616641250036 0.028670440006363408
0 0.21440276643315953 0.2513426819700923 0.028562064304548683 0.052661923337045204
0 0.18741942629305522 0.4039591519732739 0.04682110182361114 0.03178634933959064
0 0.6939746315557981 0.5862951059039135 0.024564895326597204 0.0487102200031817
0 0.061081010733576316 0.09379490599140948 0.03811824905006946 0.026998852005090668
0 0.11136999183187486 0.18146708131763706 0.04567682912218753 0.04973691800604518
0 0.07130934270555545 0.1241363866565914 0.04062565321038196 0.03405737400540883
0 0.13333525759944426 0.21089095198122815 0.028780269851632 0.06203692333704529