0 0.7174241904097463 0.7639403330188189 0.03117915818602892 0.1333761976632985
0 0.4531492492070305 0.6167796179724302 0.029657601763593888 0.13412108007211804
0 0.12959224050060322 0.6071020255512153 0.04495173111680741 0.14306032218833345
0 0.9276247902527761 0.19273290777260338 0.04203809305716675 0.11724270459715277
0 0.8687210967867529 0.8448967794478465 0.02427406094499105 0.12073072729857656
0 0.9006019448207603 0.2293432082094437 0.0334033994796016 0.11626143284565975
0 0.8461677453618431 0.9369394622935061 0.028845374264830782 0.0888449476632985
0 0.1440233169378847 0.06301205919947044 0.04030849672063965 0.12602411839894087
0 0.7261807196968467 0.04405648515973061 0.028142689393693486 0.08811297031946122
0 0.7484618334462281 0.05767084280246465 0.02703056874690688 0.11377221248093752
1 0.06653564054603175 0.523309560220486 0.02822457654882311 0.10677733007211802
1 0.8331897105361342 0.8684076678405896 0.02448874491161739 0.08016027868534721
1 0.42939084463904625 0.581351264248958 0.020046906377006478 0.08473867591180557