0 0.2828125 0.66484375 0.028125 0.0234375
0 0.57421875 0.52109375 0.0265625 0.02578125
1 0.59140625 0.51171875 0.00859375 0.009375
0 0.303125 0.6984375 0.02890625 0.0234375
1 0.01484375 0.04765625 0.01328125 0.0171875
0 0.3828125 0.11875 0.03046875 0.02109375
0 0.30234375 0.66953125 0.0234375 0.01953125
1 0.31640625 0.6953125 0.0203125 0.015625
1 0.4046875 0.1171875 0.01328125 0.01015625
0 0.20625 0.39921875 0.0296875 0.0234375
0 0.1671875 0.41796875 0.02890625 0.03203125
1 0.80390625 0.14453125 0.015625 0.00859375
0 0.6703125 0.0375 0.03203125 0.0203125
0 0.0109375 0.034375 0.02109375 0.02265625
0 0.00859375 0.1328125 0.01640625 0.01875