0 0.4425885175611974 0.33237286394018456 0.017264768052176648 0.013481244668999892
0 0.4091311229473916 0.3562012626114116 0.01260453912941557 0.018114200668363535
0 0.5225134086589618 0.6408387972629124 0.009534081283893414 0.02745283800127272
0 0.3875737646343312 0.2767592106142751 0.007948855386194253 0.023528406667727174
0 0.43593451746300155 0.3972984299411391 0.016488063231716588 0.014253404002227122
0 0.5438520774732643 0.5483967585932762 0.01650624394987581 0.0173784040022273
0 0.8945116493873837 0.7919894805458692 0.007167605386194253 0.023519316000954582
0 0.795024733794535 0.7470502452260049 0.01573862948849527 0.01971306333545435
0 0.4052855229239506 0.7695552379455934 0.011169304156530302 0.03997101933481808
0 0.2721396621750031 0.31091712929663806 0.01572499394987581 0.01736931333545444
0 0.42918909289316237 0.3122149052753208 0.015674996974937905 0.008775563335454529
0 0.29782039734428023 0.15904554662636547 0.014980105386194254 0.023610222668681756
1 0.3875374031980127 0.27050921061427513 0.004755677693097126 0.011773294000636269
1 0.43467602361132157 0.3152762706079118 0.007063066256778683 0.005550566000954493
1 0.4448640898681003 0.3206268419398664 0.013340337334017604 0.010310791335136215
0 0.5254247852205907 0.6040836845958214 0.009493174668035032 0.020421588001272716
0 0.5152685352205907 0.6042018632638669 0.007176695745273775 0.025081816000954403
1 0.5191566045024315 0.6010314099300033 0.005532382513557366 0.01100113466740904
0 0.514719089377121 0.6440547039306395 0.011137487899751618 0.03450226933481808
1 0.5177986375817228 0.6362058412635486 0.004751132513557366 0.01099204400063627
1 0.9008480077986402 0.8067605052116875 0.007122153590795932 0.015706816000954405