0 0.3508303205760951 0.6567534875300947 0.02765283267027261 0.027358121865896833
0 0.6028944492759571 0.40497071252377703 0.02537271733768165 0.032758675705962935
1 0.459928983330682 0.006159847172989588 0.022011360001590853 0.012319694345979177
1 0.3618132739099587 0.6525289887837359 0.022084085335772663 0.018605247492717504
0 0.2543484086171387 0.35731944035394625 0.030741470003181705 0.02432405007914227
0 0.22340694394495708 0.39883099043308856 0.030796014003817974 0.029011550079142266
1 0.8398704746578641 0.04038406063699755 0.017323860001590675 0.012218855172849485
0 0.44336819199554556 0.019900693719158563 0.0323130606699543 0.02515076418576496
0 0.03908922465786404 0.06368441528112163 0.029905676002545345 0.019613818025830933
0 0.3544007632479585 0.6183813093168493 0.02673522266868176 0.015616639812585653
0 0.3371223565802312 0.6266939144896988 0.02757101666931803 0.020326871865896833
1 0.6178927406110934 0.39125755351086156 0.011836928668045487 0.01049723079967011