0 0.5046037663362503 0.35985242659932126 0.013881968464861139 0.059520450668363624
0 0.5138183782278476 0.5207262919319122 0.019986498100139017 0.053343176002545255
0 0.5515183999793407 0.5288836899268216 0.017697299486909658 0.055659654002227124
0 0.5306590796908685 0.43847686592936685 0.01851491707809032 0.05723124466899989
0 0.5341665926086463 0.48844959392904874 0.021603549486909835 0.0557051073360908
0 0.5281308788934378 0.29628027526259415 0.023656358757465235 0.04323237933640893
0 0.5145047899876044 0.3151939072645032 0.017170622625173593 0.06658806333545444
0 0.43543161977538214 0.1410666112746845 0.01962347539871523 0.07130283533577261
0 0.5708859958190282 0.5216251732575035 0.01849673328249999 0.056449994668999894
0 0.4231290286853472 0.017937563305626274 0.029851807370694417 0.03587512661125255
0 0.49968248983510455 0.48416208326704846 0.017770034669270983 0.0587846540022273