0 0.7097892724021546 0.6022509017429092 0.030342264427970278 0.02030585594746519
0 0.46280756796350014 0.18628614427967732 0.032849705534962935 0.025116186680159913
0 0.07886409918169335 0.08430972297620702 0.03586557813030113 0.022154960990419425
0 0.37241081269084053 0.713071051561195 0.03198660998146652 0.022731493102595125
0 0.3966295626908405 0.7118018006566839 0.015252977767481468 0.012496677973732773
0 0.7931002139724834 0.07427198665947529 0.03190476442797028 0.020387743102595036
0 0.24237604999215073 0.4185541689286211 0.032313992195451745 0.03210649310259513
0 0.28626245924797794 0.4201675785849881 0.030642364790790032 0.02889960594746519
0 0.3946231185886231 0.7439968249669434 0.031341769237293704 0.026596799525030336
0 0.0851637176006804 0.19746814224351242 0.03195932813030113 0.021950243102595034
1 0.9385615361123346 0.16057025554266788 0.015225695916316085 0.01171542797373264
1 0.40846736377929965 0.7370098405707757 0.024791668874473947 0.017675500904511133
1 0.4805034994518458 0.17753194199568517 0.022420637023308387 0.016771420171816542
1 0.726813081295162 0.5966626430364819 0.015225695916316085 0.011715427973732595