0 0.49140625 0.35078125 0.01796875 0.015625
0 0.78828125 0.828125 0.021875 0.02890625
0 0.4890625 0.3796875 0.01953125 0.0140625
0 0.53515625 0.4078125 0.0203125 0.015625
0 0.45546875 0.34296875 0.01953125 0.01171875
0 0.5828125 0.64140625 0.01640625 0.01796875
0 0.55859375 0.74296875 0.02734375 0.01328125
0 0.46015625 0.9078125 0.01328125 0.0453125
0 0.50703125 0.4 0.015625 0.01640625
0 0.321875 0.271875 0.02109375 0.0140625
0 0.38203125 0.015625 0.0109375 0.0296875
0 0.459375 0.3515625 0.009375 0.0078125
0 0.46484375 0.33125 0.01953125 0.01015625
0 0.590625 0.628125 0.015625 0.021875
1 0.584375 0.63203125 0.0125 0.009375
0 0.56640625 0.73515625 0.02265625 0.01171875
0 0.84296875 0.875 0.01953125 0.025