0 0.4850316002247916 0.38388892494033733 0.014113975785105204 0.0560509468568469
0 0.3747196082088574 0.7697601124915593 0.023094170691397943 0.06973245719592888
0 0.44059597545590085 0.5435571774215366 0.015008886051661818 0.05999358416039975
0 0.45267242663039975 0.5843448432611369 0.018202082211595895 0.06248288337461148
0 0.5051622437983008 0.3891928550479612 0.014895225785105205 0.05608733416039975
0 0.4667432868178142 0.6102159844936313 0.02165369114536908 0.047039819892376045
0 0.44571904763836684 0.39430204011798375 0.014091243731793846 0.055269696856846906
0 0.4615509846271008 0.4669026321362664 0.01654865399835046 0.05928510876750561
0 0.37057401431877895 0.8854214997951122 0.02532426042484124 0.06593536910658812
0 0.43215064113273377 0.4316029869748307 0.014250368104973177 0.06073844685684691
0 0.4667984257724699 0.4206269456185018 0.014895225785105205 0.05608733416039975