0 0.14609375 0.125 0.034375 0.01875
0 0.73046875 0.6578125 0.02890625 0.01640625
1 0.43046875 0.74765625 0.02265625 0.0171875
0 0.42109375 0.73125 0.015625 0.01015625
0 0.5015625 0.2578125 0.02890625 0.01796875
1 0.51640625 0.24453125 0.0234375 0.015625
0 0.5703125 0.00703125 0.0125 0.01328125
0 0.15078125 0.23125 0.028125 0.01875
0 0.28359375 0.4265625 0.03125 0.0265625
0 0.41640625 0.75390625 0.028125 0.01953125
0 0.325 0.43359375 0.028125 0.02265625
0 0.82890625 0.15703125 0.03125 0.0203125
0 0.39609375 0.72734375 0.02578125 0.01875
1 0.96171875 0.24375 0.0171875 0.01171875