0 0.45635392369451555 0.9880706090986274 0.01282728246740401 0.018822722872636886
0 0.8262089074624612 0.735893468099059 0.03423467816533297 0.03691419272021186
0 0.7359270064895265 0.5770275282075176 0.021407395697928953 0.018091469847574794
0 0.95533552556425 0.5687190827568313 0.00966137215897831 0.016460792154477665
0 0.7983196866834543 0.7048025493829522 0.013717626623205349 0.025077268052176648
0 0.8109015073003054 0.7094173265103153 0.012073306006354301 0.020380677693097128
0 0.7553764358726754 0.5722263987190224 0.012032395697928777 0.018036927693097126
0 0.48351507264215066 0.5745893711988759 0.014294325081077908 0.013363063231716588
0 0.5292912228043065 0.600888250785567 0.014307961850553141 0.014144313231716587
0 0.611667346181101 0.5754064617543472 0.012772735389503432 0.015697722872636887
0 0.6935076814084485 0.5639917179026673 0.01655625446422686 0.008689198770336049