0 0.6491467446844748 0.5344694309316841 0.034156994007106076 0.05692424214211726
0 0.628262113860923 0.7010554633966729 0.04279833163720585 0.02849102708830529
0 0.6407244923096256 0.6860490475570726 0.04259361374938138 0.02458477708830529
0 0.6245771918800842 0.6307429633966729 0.047281113749381376 0.024803100909622698
0 0.62558641395178 0.5310340618250964 0.03851694538658705 0.05089256596343468
0 0.35445728516439334 0.30954208974197106 0.044480340343633 0.04571491439185813
0 0.05656093848918222 0.08290669933804622 0.02477867198083883 0.07129495719592907
0 0.659426904679526 0.7157558182352372 0.03777996099041943 0.036830065963434674
0 0.6405430286056727 0.5784912586819433 0.04234130823145747 0.049512002481199247
0 0.09839763568479172 0.18227315260503388 0.0468274123699004 0.031016713606069855
0 0.4495340897778061 0.26487175268608715 0.030994372455808696 0.041190080231458384
0 0.1575302962456698 0.16554372497860936 0.026423059135968607 0.07293023180303493
0 0.09994909034363306 0.04829841294411609 0.05290699400710619 0.05779753742738745
0 0.1609839241285454 0.35040887655018593 0.034402655472495436 0.061611742142117176
0 0.6621601582975705 0.8125216563245783 0.028282130257724702 0.034049668320799496