0 0.30591004423193635 0.7362924614468114 0.016706258928453722 0.017473872158978665
0 0.37607907913826766 0.18958901096034392 0.03159091923687925 0.020076720779006775
0 0.2831719736150853 0.7320004277615911 0.030891489853730292 0.024750584009531628
0 0.007186982953871419 0.09834204261367381 0.0112102353895034 0.015815914772652383
1 0.3979131688298422 0.18686343141503917 0.014267051542127618 0.011964211850553052
0 0.6769773315738996 0.10149908117345312 0.032372169236879245 0.020090357548482006
1 0.8178944322225228 0.20532173620687288 0.020476141233702096 0.009729556006354478
0 0.005148970371969707 0.20544147646104965 0.0033704618505530594 0.01411704707790067
0 0.16066217937985366 0.47390332995234186 0.02947899431795715 0.03331706047058134
0 0.2003150146072013 0.46227035470910816 0.02779376339268058 0.026258536931630872
1 0.31884642085514175 0.7610742731352085 0.02295625892845372 0.017582966314779826
0 0.30487937824146794 0.7667884849857616 0.029356263392680583 0.026285810470581338
0 0.5879804301906326 0.5992974273578493 0.027739216314779824 0.023133536931630873