0 0.5206174180855869 0.6215093924548134 0.011482940006363407 0.04706591477265239
0 0.4987413234006787 0.48748894846116775 0.013118165340545218 0.053343188311602674
0 0.5031299260820872 0.596028151383267 0.01390850600731781 0.05413807508107791
0 0.44440200545031283 0.8541367061718056 0.017142594008590528 0.0635676221589783
0 0.4363071474379042 0.7628531870970819 0.02412839067472703 0.05978410308425523
0 0.5206339573917701 0.4214684821463878 0.012309643340227083 0.05098580154212762
0 0.4726782627307243 0.4637202118538483 0.016206802673454136 0.05027273538950343
0 0.48396066072563365 0.4260156603117208 0.01462612133990877 0.04868296185055314
0 0.504554971395588 0.4498798543053664 0.011519302673454312 0.05019091477265238
0 0.5394657733927246 0.4281724496789837 0.012291462006681542 0.049423301542127616
0 0.4878225520766783 0.5564435000032952 0.013881234006999676 0.05179432508107791