0 0.16875 0.15234375 0.03359375 0.05625
1 0.73125 0.0484375 0.0140625 0.021875
0 0.70546875 0.0484375 0.0375 0.02109375
1 0.4625 0.6625 0.03125 0.01875
1 0.1859375 0.18203125 0.00859375 0.0171875
0 0.7671875 0.43046875 0.0265625 0.05
1 0.7828125 0.41484375 0.01875 0.025
0 0.425 0.74296875 0.01171875 0.06484375
1 0.41953125 0.721875 0.00703125 0.05
0 0.44765625 0.6984375 0.03984375 0.03046875
0 0.4390625 0.6296875 0.0359375 0.01953125
0 0.1125 0.25703125 0.0125 0.0609375
0 0.44375 0.675 0.02734375 0.04140625