0 0.679700872344267 0.6275029377827437 0.028572057326946343 0.02407393284565984
0 0.6976563342391977 0.5684734298989589 0.0309976944820761 0.02569098423243048
0 0.5940001469932108 0.39710496333395884 0.024375880257724702 0.03333983007211803
0 0.5971904240170037 0.32130552953836855 0.029312363749381377 0.023310866641249994
0 0.885529311965103 0.953779069525973 0.03453545228399228 0.018750653210381784
0 0.6022973258714546 0.35818793369868107 0.03058825870642714 0.017878484232430568
0 0.4648173422682563 0.9902119983844795 0.03132524310259512 0.019576003231041028
0 0.3376328810506943 0.6023327515186114 0.025239017412854548 0.03492051386770836
1 0.5896269075086604 0.3312981253780561 0.023434177973732595 0.015371080072118026
1 0.3244777838096563 0.614541810789167 0.015290807326946255 0.023764808320624907
1 0.08339360187919474 0.9460599952503472 0.01952792797373264 0.015280161094166545
1 0.44804260007017244 0.9970977780197572 0.02277575870642732 0.005804443960485628