0 0.2361112403890616 0.03724703531007316 0.02535520409301446 0.06678807954530476
0 0.25860371607880206 0.03997656899529322 0.03600942107632772 0.04668013108743231
0 0.27035128505285166 0.35198564529418713 0.021530841248144215 0.06828239569792896
0 0.2669617706922149 0.08900440422264085 0.025068599050060314 0.061319329545304765
0 0.2630389105608781 0.017171100345816766 0.03403748530067894 0.03434220069163353
0 0.23700867706922146 0.007370394887150011 0.016607645861557073 0.014740789774300022
0 0.3028306716421546 0.14926006574888234 0.0178735747398008 0.0580715986200282
0 0.2587077781554467 0.320967470375265 0.01803402702379291 0.07602671185055306
0 0.2828423982364062 0.12853450852471193 0.018405841248144216 0.06822784862002824
0 0.26084797376917657 0.6971481408299602 0.043579581637205766 0.027298885551659068
0 0.44544538105069426 0.5854315706201463 0.031441429782755034 0.0637721737011061
0 0.2839655642243512 0.0053715182639445715 0.010193871551297562 0.010743036527889143