0 0.7845449311041558 0.5300017426599883 0.04823237364928854 0.0385969263877346
0 0.754508820609047 0.4960432367284892 0.04663207629424182 0.02450259288963732
0 0.769980444117161 0.6813904877170724 0.04501636838761662 0.03690709239534584
0 0.7832407653614925 0.4808466596561827 0.044144113125944705 0.03531275889724857
0 0.7859470783603804 0.6477476581733079 0.0448420631400623 0.02053267589344294
0 0.2769452627306566 0.4594373028891998 0.037029563140062206 0.02021434091247105
0 0.7641707888978415 0.6351694037246837 0.031082671004335084 0.05192725593149916
0 0.8078521704396378 0.675919079123835 0.041762565770898166 0.021186591901054187
0 0.4405989680770331 0.3788133384781941 0.04115562101845249 0.03752917490485981
0 0.14737407089139562 0.17513394566510646 0.04161835260260105 0.032092258402957
0 0.12836646565795864 0.14318360870696814 0.04621484734092922 0.03072075939154013
0 0.24056887599777568 0.34338387996150643 0.04322635523343692 0.03293717539915138
0 0.5760436444136271 0.36250920064520337 0.02377069994353036 0.060202670950527094
0 0.18259821032569962 0.21787720258518867 0.049984589448421435 0.028536176882026164
0 0.18891609976000362 0.25944262007567465 0.03517093152767874 0.05521142342198502