0 0.492391092842343 0.6223047085328933 0.022857457195929066 0.02122101502711473
0 0.45204007464537793 0.6452018530485033 0.024201633374611474 0.016542605386194252
0 0.45825584139460085 0.6779870819712643 0.024764559553294062 0.011859650565734015
0 0.42584360173368313 0.6867717295119363 0.020931084160399748 0.013399424668035032
0 0.4152504724974101 0.10698878074160034 0.016427674730940468 0.05086306323171659
0 0.5507878279551468 0.38283768755385034 0.0165346825888232 0.0196221535907962
0 0.28482264950015274 0.7462017925472612 0.021603172249741044 0.011060219847574793
0 0.3447221501193253 0.9920137414157931 0.009957196856846906 0.012554542154477844
1 0.4302400033052597 0.6804944584346975 0.009884422249741042 0.010992042154477844
1 0.47751095553878997 0.6216098169441497 0.014008996071058632 0.01570226805217665
0 0.5536410002048878 0.393761552015231 0.013028692927905539 0.028193177693097128
1 0.5482450248119937 0.3953558682720096 0.012300946856846906 0.012568177693097126
0 0.531795925350113 0.2938615459651067 0.024728172249740867 0.011078400565734014
0 0.5226927531003719 0.2829740429400446 0.03019692224974104 0.011110216822512698
1 0.5138806792790543 0.27833653991498253 0.009066784946188022 0.010206246974937905
0 0.733118676797855 0.23720650410521663 0.02144050641014079 0.024336924668035033
0 0.8124379956567737 0.16172471507399688 0.019096756410140615 0.02432328912941557