0 0.21684342548734178 0.4807756433004561 0.04686835594746528 0.030214758672817865
0 0.21080918871632487 0.3426489346355924 0.044773589439121866 0.020040327339272503
0 0.251267092379798 0.3304665606301835 0.044770267412854545 0.03487498667249973
0 0.24703221449692236 0.5155591759627745 0.04641797659425162 0.021621008672817865
0 0.2150452301007546 0.5299853026336834 0.04423800090451113 0.02471873667249973
0 0.7246924677762827 0.6380479625636866 0.043620525214770646 0.02783464600572714
0 0.7790756733396351 0.747504231222187 0.047114017412854634 0.03490225867281786
0 0.22660460707911909 0.3690114399665924 0.035398589439121865 0.019931239337999784
0 0.8229651142036666 0.818824700549051 0.040700243102595124 0.03170453333863606
0 0.7108933186353653 0.5289002292330046 0.0450601944820761 0.025509077339272324
0 0.552196670060275 0.6220973405872309 0.03872498530067894 0.038708511338317916
0 0.683910337518558 0.6713149959023227 0.0223563568519765 0.054133516669318024
0 0.7621271907524898 0.7133474072247322 0.027497558231457477 0.047947151336727244
0 0.40466325079296955 0.6214717266072756 0.021124727498762753 0.045530676002545435
0 0.2493427442342488 0.3671853106301835 0.024249727498762842 0.04556703866963625
0 0.8127203329960022 0.7908360605506417 0.038520267412854636 0.034802261338317916
0 0.21621374095488846 0.23952393463559235 0.028694888059640888 0.0260994233370452