0 0.7694682068782634 0.466289787463097 0.039063153210381965 0.03493056070710594
0 0.7629447967340274 0.511411314504939 0.042896668028020814 0.03194196996293321
0 0.640070994397326 0.48288203202080143 0.05138131525447918 0.027554570325752793
0 0.5622538125015968 0.5341146606065895 0.04522223423243048 0.031242565516429364
0 0.5650547702328816 0.3801811287554241 0.04291485182361114 0.03272321996293304
0 0.7362563165856594 0.44871041786298366 0.02491038744281262 0.06409970553496294
0 0.2516929465259369 0.7758184886520727 0.021967225398715318 0.07180307813030104
0 0.14936738032152713 0.7714633161494016 0.04618532218833336 0.03908234736759475
0 0.704461455928333 0.43743561196520114 0.026145579122187533 0.05009176923729371
0 0.33799608206888837 0.6623313967267734 0.041570557370694414 0.04204365626060227
0 0.9601361065732638 0.1351737406358072 0.03332164627652787 0.023020837748947986
0 0.019403204125381122 0.9793154777674815 0.03848192496187504 0.041369044465037065
0 0.20994316404086746 0.6883532049868087 0.048365418028020815 0.032132942921091256
0 0.20298334280246463 0.7522247320286507 0.05163654160312507 0.0720585384745874