0 0.24135641960598964 0.2213199672152962 0.027330461894930557 0.05951590056573401
0 0.19288902136958344 0.35523642496262264 0.03608798620519007 0.062690897540672
0 0.22228659430036193 0.36444325331964966 0.035388623360319824 0.06424885236113216
0 0.781222260288307 0.48701106138500483 0.056775622455808514 0.04016191256778665
0 0.2803912641334942 0.1609182775201465 0.04452460594746528 0.02993748487468948
0 0.2831488511977669 0.332829638956465 0.04435750961093845 0.04165168969514967
0 0.520219483264514 0.412725175453602 0.04279833163720585 0.026803394515609823
0 0.8823797258012821 0.6427201850197676 0.04961489767057934 0.06745566559284874
0 0.5248406269783644 0.15793313632418635 0.018658146766068206 0.04306419877033596
0 0.7641232914959714 0.458976964975801 0.04296210594746519 0.029928394515609823
0 0.7974105042954132 0.542402543332828 0.049949090343633 0.04402725595192827
0 0.6168831213241549 0.4379519135497453 0.04201375961093845 0.0416380541565303
0 0.8475709565794052 0.5600849470218201 0.04032178482570927 0.0689636234383709
0 0.15256391451760698 0.30154834358053345 0.05758452792830413 0.10030452702916719
0 0.9963993935145933 0.6873054562933982 0.007201212970813486 0.05096305718159222