0 0.18671875 0.396875 0.03671875 0.05625
0 0.7515625 0.53046875 0.04296875 0.0421875
0 0.70234375 0.45859375 0.04140625 0.034375
0 0.23203125 0.3578125 0.034375 0.0515625
0 0.16484375 0.375 0.04765625 0.05078125
0 0.8109375 0.4875 0.0328125 0.075
0 0.23125 0.1578125 0.0421875 0.03359375
0 0.78125 0.578125 0.0484375 0.03359375
0 0.75625 0.48515625 0.05078125 0.02578125
0 0.12890625 0.29296875 0.0484375 0.09609375
0 0.2234375 0.20390625 0.0484375 0.02421875
0 0.44140625 0.40078125 0.0390625 0.03828125
0 0.92734375 0.58046875 0.0453125 0.040625
0 0.934375 0.62265625 0.03515625 0.03984375
0 0.1015625 0.01640625 0.0203125 0.02578125