0 0.5075648626273199 0.28984375 0.031495448002863566 0.02109375
0 0.8462017433163644 0.125 0.034602266669318024 0.01953125
0 0.5851775012333228 0.73671875 0.027725558004454243 0.0328125
0 0.21796327657545875 0.671875 0.0291426073360908 0.0203125
1 0.4865438379615018 0.28359375 0.012618178668045488 0.01015625
1 0.5718962512333228 0.73671875 0.02207499466899989 0.0171875
0 0.5720326112349137 0.725 0.029896585335772663 0.01796875
1 0.2053996419080497 0.67734375 0.01887726933481808 0.0109375
0 0.8436483606381376 0.21015625 0.029905676002545078 0.01875
1 0.006196633981148595 0.28359375 0.01239326796229719 0.01171875
0 0.11825800930936474 0.1765625 0.032331242003499835 0.02578125
0 0.7419938592855022 0.35234375 0.032331242003499835 0.02578125
0 0.6864796559516385 0.35625 0.032322151336727244 0.025
1 0.8382892459818645 0.13359375 0.018114200668363622 0.0125
0 0.3926869393300456 0.02421875 0.02680794800286357 0.02109375