0 0.6357633652558244 0.5500222372164922 0.04223809293798535 0.04910218811176783
0 0.6121446331127319 0.5852429746026205 0.03771423417168744 0.05831349700477517
0 0.4055796185055306 0.1265475647986392 0.038068790178041746 0.07862599700477509
0 0.5872088628201924 0.6345807756910796 0.02832559740221221 0.05720486479078986
0 0.6338308981302656 0.3945262053653268 0.03755059293798553 0.04893849700477517
0 0.6304019350618966 0.422006364621154 0.04230627678536116 0.053008438111767656
0 0.6594990998345489 0.4319344361280331 0.03195911201270896 0.04171627404661713
0 0.651478094152506 0.4650470364908529 0.04755683847375849 0.040699411069925515
0 0.5028870409888208 0.19272314710529156 0.04199263108743238 0.03503968811176765
0 0.533079101459402 0.2205926867610053 0.014549469561190876 0.07312004146981232
0 0.016591030842550997 0.23393849038135314 0.02484604139585782 0.03678323738612832