0 0.05 0.6116111014119259 0.0265625 0.11717913981258547
0 0.93359375 0.592008553707052 0.02890625 0.12349733597251955
0 0.08984375 0.6479266861308042 0.025 0.11244617570596294
0 0.8078125 0.3453799431239261 0.021875 0.1443864974927175
0 0.06484375 0.4784492604248413 0.028125 0.12113085391920819
0 0.52578125 0.1504549218785322 0.02109375 0.13655126543940618
0 0.4875 0.1923098012662765 0.0171875 0.08643760517284953
0 0.5109375 0.25080426286561674 0.0171875 0.12628135517284952
0 0.38359375 0.19006768817586822 0.0296875 0.1149263180258309
0 0.2734375 0.050143718658969196 0.01796875 0.08489783722616082
1 0.5515625 0.17308007963780642 0.01484375 0.08636940901291545
1 0.81953125 0.42540842392359624 0.015625 0.08639214106622681
0 0.59765625 0.6869212707831756 0.0359375 0.12526442445232178
0 0.5703125 0.6689381489172787 0.02578125 0.08668765775927412