1 0.42421875 0.553125 0.0265625 0.01015625
1 0.51796875 0.49453125 0.0265625 0.01796875
0 0.52578125 0.4796875 0.034375 0.02421875
1 0.07890625 0.403125 0.021875 0.0125
0 0.615625 0.059375 0.03359375 0.01875
0 0.09765625 0.43828125 0.03515625 0.01953125
0 0.0953125 0.33046875 0.03828125 0.021875
0 0.0703125 0.38828125 0.04140625 0.02890625
0 0.10546875 0.54765625 0.034375 0.01953125
0 0.5046875 0.5015625 0.03203125 0.028125
0 0.4046875 0.5671875 0.0359375 0.0203125
0 0.54296875 0.4796875 0.02890625 0.028125