0 0.942675917734148 0.6265570558068503 0.026431210674192584 0.11186874092481372
0 0.5031650076022484 0.9482942323113054 0.02014939441741408 0.10341153537738919
0 0.22094233918072925 0.780946514732527 0.02271131303532483 0.14387726502711473
0 0.9260737041330891 0.45849740221605406 0.02326984923787414 0.1056005602066545
0 0.08596685460062735 0.5426692890312197 0.023392569085449046 0.1266943102066545
0 0.9661628938282387 0.5009167063725843 0.024123822110511384 0.11810510538619426
0 0.5319030859592754 0.9210322010098311 0.018523261903856714 0.09541703912941557
0 0.5111906101597723 0.8521640263417961 0.02027665944452863 0.1282386294884951
0 0.6271928600615764 0.9176804629136879 0.0350704124695909 0.11973123789975162
1 0.4796320588319124 0.9332276739806641 0.01611133421075959 0.08368465359079594
0 0.41037598126045227 0.44299758371978015 0.022352243851679887 0.08215851502711473
1 0.20726565856076587 0.7129004966803503 0.014539743851679976 0.08211306323171659
0 0.44378337889932007 0.411161776439992 0.03976245764913067 0.12053975897699036