0 0.3973610286863045 0.6222465144363893 0.051817960344286186 0.03086944671336802
0 0.3679165761465666 0.6817663315907294 0.04077133293962447 0.027489873575104084
0 0.3021526445734028 0.9936258161801824 0.05771329627913566 0.012748367639635206
0 0.4387325623515685 0.5794238880114935 0.031225207349061358 0.06707905043684033
0 0.43239328231450164 0.5370545500555906 0.029045148456053837 0.0717119990500695
0 0.3662647961094997 0.6395060964083684 0.04317957032575279 0.05174499116628475
0 0.3841169842212674 0.5984817061157642 0.047403278855940555 0.038572843939826386
0 0.4112796849469068 0.5819124551658337 0.03143353847458741 0.05069098423243048
0 0.39016114229596816 0.5149606912981254 0.05397073738612832 0.025455248100139015
0 0.38421867714235847 0.5507890885245836 0.043452388837407166 0.05955749116628475
0 0.4036507234214942 0.5316942496187503 0.03939980589778251 0.0329222559839236