0 0.4661679399582349 0.4304196008354838 0.03741508346523723 0.05224559091247105
1 0.4599944963055833 0.4544155163488034 0.03369905007914227 0.03180575692008212
0 0.4744290693459792 0.46908285281265016 0.04116220909205772 0.046936008402956905
1 0.469539329375109 0.5564873523183586 0.03264501543940614 0.022398923421985018
0 0.4524511177757688 0.5792563488583176 0.03467652837152997 0.06539950692008212
0 0.39807820335257704 0.7006246714819998 0.02139527837152997 0.06485833745243
0 0.27873585530586353 0.9311968977560034 0.03918217194503919 0.05934050790866543
1 0.2721137822654677 0.9168478962731289 0.022003032132453627 0.03210950444862419
1 0.9750679153476286 0.548145542089147 0.02076714106622681 0.016452670950527094
0 0.960465857746639 0.5123526221272031 0.04539506802583091 0.03150200939154022
0 0.9722922563347132 0.5628937915948555 0.025128032132453626 0.03223683844101295