0 0.25860289494534766 0.46743075863304695 0.04551317496187508 0.04270566800604527
0 0.9017580553739242 0.7029815245465055 0.0491843420399654 0.09976419000636341
0 0.8369850809251395 0.6060525278883233 0.037283100873680655 0.058230670671545325
0 0.8600777420193062 0.6245388985519144 0.04736661569131968 0.05522384933959064
0 0.7886937045002436 0.6464689898950049 0.03719218189572917 0.054324420671545325
0 0.3104030907087852 0.5441927059595928 0.03926317496187508 0.04263294267186346
0 0.7918771751493063 0.8503934212285502 0.04378702080156245 0.03565623667249973
0 0.2613109740675352 0.5166313272995016 0.05459723423243066 0.03031475600731781
0 0.8061565742756256 0.7923991078930959 0.04209723423243048 0.030169305338954188
0 0.217413544071667 0.41008188263845585 0.04860180737069451 0.041179530673136
0 0.5703060739912852 0.5974336952578216 0.03889949905006951 0.02700794267186346
0 0.19372343056454905 0.5002256246419556 0.03377689437666671 0.07537271733768165
0 0.07400838297750033 0.39299547465786405 0.05011106240468759 0.10602328067313609