0 0.365625 0.665625 0.02734375 0.02578125
0 0.61171875 0.42421875 0.02421875 0.03125
1 0.46640625 0.028125 0.021875 0.0109375
1 0.3765625 0.66171875 0.021875 0.01796875
0 0.2671875 0.36796875 0.0296875 0.0234375
0 0.23828125 0.4078125 0.0296875 0.028125
1 0.840625 0.07265625 0.01640625 0.01171875
0 0.44921875 0.040625 0.03203125 0.0234375
0 0.05234375 0.07265625 0.0296875 0.01875
0 0.36875 0.628125 0.0265625 0.0140625
0 0.35234375 0.63515625 0.0265625 0.01953125
1 0.62578125 0.4125 0.01171875 0.009375