0 0.3173026916570009 0.6860788214220612 0.032597816033373486 0.041688992195451746
0 0.32775219075248974 0.7098883436545798 0.03161184814554918 0.03775546034428636
0 0.561740924921515 0.2626784938399142 0.03913442107632772 0.04737599700477517
0 0.3266168159218319 0.5976338803150686 0.039263895861556986 0.02008681070710594
0 0.4731487364323327 0.3460936837657804 0.0184501068519765 0.05445188702330857
0 0.29562908751855793 0.6681199951058586 0.031035316033373485 0.041634428493120976
0 0.3077473072154046 0.6154488628918735 0.03622078301668674 0.021540183302444404
0 0.8717920335825138 0.14969482188539732 0.024863881162235656 0.05779514183263199
0 0.7915866344415964 0.04332082551359438 0.03885113805964089 0.027090778855940533
0 0.8354240863869041 0.24844234593201442 0.03440597749876275 0.046431055897782514
0 0.7440908367255885 0.027043550285850915 0.0315266389641522 0.051009428493120824
0 0.7360282739715752 0.19576626843468548 0.03995661465389251 0.04818452885594056
0 0.7806480551792397 0.22228163921592525 0.02416451831736559 0.05933035998146661
0 0.31086566316286995 0.5857067991895425 0.03486300090451113 0.025391869600113283
0 0.7888003126424715 0.4536035610856241 0.01795546189493056 0.059893355172143184