1 0.5735514714054502 0.6260269957045869 0.03124734140676253 0.03983710594746537
0 0.24112233748961093 0.4030929432388806 0.029444760874414923 0.05299552521477065
1 0.22482883402956982 0.3875055647901781 0.01814250494291585 0.02433825870642723
0 0.29406833498097196 0.0006269021373642742 0.03969916996194396 0.0012538042747285484
1 0.2674740014828748 0.00023461612423059526 0.01619800296574958 0.0004692322484611905
0 0.9220991289729232 0.16854320782666005 0.016768347338261692 0.06714323439616772
0 0.598649630492979 0.5886974140673811 0.03923625494291585 0.02544373530067894
0 0.6143449091618911 0.7241026475590376 0.015269514334456068 0.06862384724103805
0 0.85754985623551 0.06388336329915548 0.03647601087441501 0.05336401741285455
0 0.5923624798084071 0.6649699869981596 0.04333350593149898 0.03033595318850324
1 0.6166740717094612 0.7044076232487781 0.011476010874415011 0.05205382293077854
0 0.5904033903788107 0.6361046805757244 0.024693593878220454 0.051187363749381376