0 0.67265625 0.64609375 0.028125 0.01796875
0 0.453125 0.240625 0.03046875 0.021875
0 0.0921875 0.125 0.03359375 0.01953125
0 0.35 0.734375 0.0296875 0.01953125
0 0.3734375 0.73515625 0.0140625 0.0109375
0 0.76875 0.15078125 0.0296875 0.01796875
0 0.23671875 0.44921875 0.0296875 0.02890625
0 0.27734375 0.453125 0.028125 0.02578125
0 0.3703125 0.76484375 0.02890625 0.0234375
0 0.09453125 0.2328125 0.0296875 0.01953125
1 0.90390625 0.2390625 0.0140625 0.01015625
1 0.38359375 0.75859375 0.02265625 0.015625
1 0.4703125 0.2328125 0.0203125 0.01484375
1 0.6890625 0.6421875 0.0140625 0.01015625