0 0.5375 0.746875 0.0453125 0.02890625
0 0.6375 0.4640625 0.01875 0.084375
1 0.5265625 0.7046875 0.03828125 0.01953125
1 0.50078125 0.74453125 0.028125 0.028125
1 0.61640625 0.44453125 0.02421875 0.05078125
0 0.534375 0.68515625 0.04921875 0.0359375
0 0.5375 0.746875 0.0453125 0.02890625
0 0.6375 0.4640625 0.01875 0.084375
1 0.5265625 0.7046875 0.03828125 0.01953125
1 0.50078125 0.74453125 0.028125 0.028125
1 0.61640625 0.44453125 0.02421875 0.05078125
0 0.765625 0.23125 0.0375 0.065625
0 0.534375 0.68515625 0.04921875 0.0359375
1 0.74375 0.21796875 0.02109375 0.03125
0 0.60859375 0.3984375 0.0328125 0.07421875