0 0.1591055977175091 0.3841654008603217 0.0419290872261608 0.018209644515609823
0 0.5802782525737895 0.4863848683702054 0.03976719365265158 0.024446008976990542
0 0.6038976090002801 0.47999851298401114 0.02857964106622681 0.015788626463433174
0 0.41804737404397496 0.6123075398167867 0.027122441145369082 0.04624374092481372
1 0.43422630351086156 0.6200245910464506 0.02724446159934022 0.023592036104353654
1 0.8138124474135753 0.006258664011423197 0.02315635517284953 0.012517328022846394
0 0.13151780680956687 0.3390210725032946 0.04045751543940619 0.021325554156530303
0 0.0986441561764286 0.5829210634281082 0.03592913981258559 0.02676703307929138
0 0.15561923337345956 0.4771386960398615 0.038136497492717546 0.02209316861791084
0 0.8022528217867546 0.0006491436659009035 0.036877874373179506 0.001298287331801807
0 0.5620678101747792 0.5216411123200813 0.03728705133278361 0.0197448734383709
0 0.6750585213119009 0.1819786486208265 0.03586094365265158 0.02442328307929138
1 0.16182142075790498 0.39820972014216244 0.02306542695960414 0.014194310206654404
1 0.5735508794542513 0.502827479806524 0.028556909012915455 0.015007376463433175