0 0.24684726028830695 0.47981921754914014 0.05085649310259503 0.033829445386587234
0 0.24414498416902514 0.42825671754914013 0.04810330732694634 0.02589411465389251
0 0.23908342718076314 0.6306380891004377 0.047322057326946255 0.025853171076327543
0 0.28772232304232015 0.6468905308689802 0.046250880257724794 0.035146283921197966
0 0.28016104929788754 0.4428205065587207 0.049706750904511134 0.026757251809022265
0 0.45008736770611024 0.32188945160662363 0.03029500961093845 0.04288021879233552
0 0.6170734718445532 0.2943365824301753 0.04735967887824373 0.04143722749876275
0 0.2587441519659925 0.602188862506186 0.03942767017181659 0.023881235300678937
0 0.7916640360689045 0.27735272105564307 0.04834896879233543 0.03058161465389251
0 0.7528981071906606 0.24021456920119225 0.030086969696846565 0.053776775214770645
0 0.7851417983933764 0.3920703182966811 0.04773149310259513 0.033665671076327716
0 0.28403075700894664 0.60634741802411 0.025976001809022264 0.049665807326946164
0 0.9023581173674259 0.07256896653308731 0.03889208163720568 0.02852779172311406
0 0.8538597416322571 0.16363437980749887 0.047110695386587055 0.05155253392119792
0 0.8922361668924562 0.10365187019656044 0.04160432383528985 0.03568187245580869
0 0.8327593475797223 0.19450924355688026 0.030578292627625105 0.06315177521477064