0 0.44813739963718024 0.03209536352223878 0.03888145072563951 0.019193735300678916
0 0.32982633222183433 0.43914986770611025 0.016316969962933126 0.042965427973732775
0 0.6086878759690814 0.9257202900256335 0.03753720553496294 0.025361848145549003
0 0.638085199290059 0.9131727023955338 0.034575896641955414 0.029885573835289846
0 0.5902726926666371 0.959975781319206 0.03427579627913566 0.021291823835289846
0 0.3589309565464532 0.7263532965843541 0.020796138837407073 0.05957639586155707
0 0.1391343556354793 0.52072965909054 0.04799355589778256 0.03448786465389251
1 0.6422915496528787 0.9047836702833582 0.01689732332097762 0.014922315128862352
0 0.3363863562684515 0.4081864727490644 0.02719990626060227 0.041976138059640886
1 0.32924597886378976 0.4109429805509805 0.011646828130301134 0.020885710085908293
0 0.43474702223251854 0.034524322703635896 0.042224705534962936 0.02560750961093842
0 0.45554067186969893 0.04422354929788754 0.046803078130301046 0.022728171076327675
1 0.47609870853018776 0.038256832314574316 0.021666668874474125 0.017511726594251643