0 0.45859375 0.09375 0.02265625 0.13359375
0 0.22265625 0.296875 0.0234375 0.13359375
0 0.64765625 0.1578125 0.028125 0.10625
0 0.94765625 0.50078125 0.02578125 0.1078125
0 0.6765625 0.1953125 0.028125 0.103125
0 0.8921875 0.56796875 0.02421875 0.103125
0 0.70234375 0.021875 0.02265625 0.0421875
0 0.7171875 0.25703125 0.02890625 0.1125
0 0.16171875 0.528125 0.03046875 0.1171875
0 0.50234375 0.6125 0.02265625 0.09609375
1 0.21484375 0.41796875 0.01953125 0.07890625
0 0.4875 0.65546875 0.02421875 0.096875
0 0.43828125 0.11953125 0.015625 0.07265625
0 0.93046875 0.58515625 0.028125 0.1140625