0 0.6462618705378814 0.7285126834128836 0.029415396276527873 0.023221330231458382
0 0.39332262775607596 0.507129873240417 0.026508601823611144 0.032450781017246653
1 0.3771345833031593 0.4969907398658055 0.008085256933854179 0.01208262303552914
0 0.9697488023367015 0.06941178101273744 0.03724608007211785 0.024366453266987654
0 0.6649397885659022 0.6988808413946008 0.029560866641249996 0.02947133023145838
1 0.9577391116072569 0.0813659714594435 0.020639808320624908 0.015008569892376134
0 0.6476431857923606 0.7027678207164365 0.024655161094166544 0.019878006410140793
1 0.6330715395158328 0.7239878492524838 0.02145742591180557 0.016607457195929064
0 0.7516455804533677 0.4346599836605526 0.030287565254479176 0.027163967535011223
0 0.7869102800165274 0.46524004962398724 0.03195916802802081 0.03192424214211727
0 0.9714911806614582 0.1625624675305021 0.030087543502986237 0.018570217535011313
1 0.170564460296736 0.13151548138875016 0.018986389342673604 0.011029545285270271
1 0.5627526135071179 0.11615177046876743 0.01916822729857639 0.01884204528527027
0 0.3075579268617361 0.025274097599853905 0.03175914627652778 0.023330492142117153
0 0.5782321431423958 0.12312951653982603 0.03168641109416672 0.020205492142117178