0 0.9942708510158507 0.29743786272223743 0.011458297968298581 0.03815476442797028
0 0.3639936840799307 0.18588784846390313 0.03232284393982639 0.04718502404661713
0 0.9963884466891407 0.395066830871072 0.0072231066217185004 0.037291668874474035
0 0.37848867591180557 0.00916602173658494 0.017133601823611143 0.01833204347316988
0 0.6889443583762157 0.4411631031884086 0.018678571238402775 0.06466270072563951
0 0.7281172675705212 0.5117285743324681 0.01958710780753492 0.0701587325768049
1 0.7822767842880213 0.45354156289972264 0.012155814304548684 0.05272569591631608
1 0.36626143284565976 0.017930283306368866 0.011919424961875081 0.03586056661273773
0 0.7683052032659725 0.45793888622070034 0.01644392401194459 0.06926835517214318
1 0.9916502880408856 0.31643339938272624 0.016699423918228717 0.02244791887447395
0 0.6765742577868755 0.5815524902117171 0.03259560087368065 0.05890377404661713
1 0.7286978426086462 0.46948651063013713 0.013645579122187534 0.04965525961864685
1 0.3472964933504863 0.17396076733837715 0.01689721248093754 0.021666668874473993