0 0.7765625 0.5109375 0.05546875 0.0375
0 0.346875 0.29609375 0.0453125 0.03203125
0 0.23515625 0.2984375 0.02109375 0.0640625
0 0.20546875 0.2890625 0.02734375 0.0671875
0 0.6640625 0.48046875 0.03984375 0.05546875
0 0.3546875 0.146875 0.04140625 0.02265625
0 0.2015625 0.25078125 0.04296875 0.04609375
0 0.7984375 0.56171875 0.0421875 0.040625
0 0.96796875 0.7 0.04375 0.053125
0 0.82109375 0.59453125 0.0484375 0.028125
0 0.784375 0.48046875 0.0328125 0.0484375
0 0.27578125 0.30703125 0.0328125 0.06328125
0 0.2890625 0.2109375 0.0140625 0.071875
0 0.56953125 0.4359375 0.02890625 0.028125
0 0.9109375 0.72890625 0.04296875 0.05703125
0 0.565625 0.1640625 0.01796875 0.053125