0 0.7367678205760951 0.6238234928133639 0.029506234006999678 0.05324609734092931
0 0.09109169390518618 0.6926586658838376 0.03883578067313607 0.049885878910960454
0 0.3982802219525931 0.3257848951194989 0.016415888009226796 0.06887880261671846
0 0.4068734246101389 0.39242636354946775 0.0377727200031817 0.02562162628012432
0 0.7373923398711423 0.9056272296591843 0.03799998667249973 0.045152876280124585
1 0.10698941390836784 0.6683111132671191 0.018250560669954386 0.025265310509226247
1 0.39550921061427513 0.36264015301200664 0.02008578067313609 0.04879381577089816
1 0.7548889225414148 0.878063671780794 0.022238626670908878 0.032524073663405775
0 0.07725700791695836 0.6068044658697201 0.03565623667249973 0.04501636838761662
0 0.4237529366247747 0.28370381093274927 0.03655566534054522 0.05521812101845249
0 0.3514228559436844 0.3940945503388184 0.014853388009226887 0.06878779735504663
1 0.342710927275639 0.40475132927801366 0.011482940006363318 0.04751203683170289
1 0.7514206665738679 0.6393651928274814 0.015888629336408933 0.02356630261671846