0 0.32488831128680895 0.6829696220564927 0.04942328307929138 0.03630182912218753
0 0.33644291394252873 0.8451786813270484 0.040784081283893325 0.028289307370694416
0 0.25311330523668474 0.6674550312507984 0.03399372579950324 0.06953190321038197
0 0.21477751308220708 0.677721037234722 0.026172135440423537 0.06778756525447918
0 0.18262808841417205 0.6987790728539235 0.030069295081343927 0.06631598423243049
0 0.1777178746167214 0.7371694256274651 0.04560793667008758 0.05183591014423605
0 0.2704366397420319 0.777974303952222 0.016061337235821684 0.07536367591180557
0 0.7981132296101322 0.4399553595199646 0.060347147540672094 0.03421265226045147
0 0.6634427929400447 0.4938642223614925 0.04323237041330898 0.046312608757465415
0 0.8056757447354427 0.4827422715640618 0.048628397540672094 0.033939895326597205
0 0.8163819614597596 0.3879746322213882 0.04396816861791066 0.03851829255305557
0 0.9913870275201464 0.2487633958047561 0.013635774004104918 0.06124662452503475
0 0.8525103590004315 0.35432567762423545 0.05016362646343318 0.029288762917777867
0 0.5702422387835144 0.5358718440367356 0.039276123438370905 0.03762793977951393
0 0.9329023618291019 0.231377180474027 0.05496475595192827 0.048929115691319504
0 0.566216772353785 0.8249888954235065 0.025449972774440964 0.07792563145888884