0 0.17109375 0.3578125 0.03671875 0.05546875
0 0.75546875 0.53203125 0.04375 0.0359375
0 0.134375 0.29453125 0.04609375 0.09609375
0 0.7484375 0.4796875 0.05234375 0.03359375
0 0.196875 0.375 0.03046875 0.05390625
0 0.940625 0.6046875 0.03125 0.06640625
0 0.471875 0.396875 0.040625 0.0203125
0 0.71640625 0.45078125 0.03515625 0.04140625
0 0.2515625 0.334375 0.0375 0.0515625
0 0.25703125 0.14765625 0.04375 0.025
0 0.571875 0.4203125 0.01640625 0.06796875
0 0.23203125 0.21171875 0.034375 0.04765625
0 0.8125 0.60390625 0.04375 0.06171875
0 0.8140625 0.5296875 0.02109375 0.0765625
0 0.9546875 0.6578125 0.028125 0.05390625