0 0.2601240559826006 0.3656795968194406 0.030734134028083736 0.0533531784931208
0 0.9160640319359835 0.35737363364956554 0.04075397477225664 0.049801592558271414
0 0.6198562423650877 0.7012848024392215 0.01805308475372307 0.07007688702330857
0 0.60808043946253 0.6322074202252363 0.03834573738612832 0.025528278855940556
0 0.24698661660488855 0.07885171941477893 0.03980903366526398 0.04508681070710598
1 0.901230205619781 0.379484246626257 0.018841769237293703 0.025627482576804896
1 0.6208904635091471 0.6638666479927178 0.02122272477225664 0.04911954627913566
1 0.22994544954451307 0.1047867368379741 0.022993555897782514 0.03279514183263199
0 0.9339633492665114 0.44539198882170866 0.037465283665263985 0.04500496515360961
0 0.5963294623280209 0.7425992832019277 0.038601197730414503 0.05518849700477517
0 0.6643850031648609 0.6357342135091472 0.016463302902557687 0.06924107332097762
1 0.6734053390997103 0.6259053457231323 0.012628974772256463 0.04881944591631608
1 0.24548863710812655 0.3487822734984629 0.017197423683797376 0.02322916887447395