0 0.3752590338096563 0.589664747491361 0.03778328301668683 0.02180867441056833
0 0.13098332711465002 0.08899222133108795 0.03962906603337357 0.042153007908665385
0 0.3758521760531687 0.667598746502778 0.04259361374938138 0.024343425399151287
0 0.4005146613538476 0.6283943250579591 0.02655253392119796 0.04551808844101313
0 0.37225246325372696 0.7511606630046807 0.016969494007106168 0.05604175296574958
1 0.14291011702874173 0.0994203853615328 0.025119508706427273 0.01817433844101306
1 0.3645594719601542 0.7343233314837498 0.011913501809022264 0.048819501977166266
0 0.38987041044933646 0.6529950770351255 0.01363645409301446 0.06682008547526355
1 0.7496359933297377 0.36314342087616497 0.01077040366347326 0.012132585475263547
0 0.07594726707417028 0.18712331520930847 0.0264673247398008 0.058767504942915896
0 0.7327417424252265 0.3879988408381089 0.032185058231457474 0.04886592292769345