0 0.6646725958200286 0.3541607187919832 0.04230567466803503 0.02154003087881238
0 0.11730879995311776 0.8232890843231668 0.022211343285945873 0.05844899749271733
0 0.6561419574527388 0.23095053932509663 0.03224941861791084 0.03843201418576499
0 0.6833044211519936 0.333302649512511 0.03840396984757479 0.022207620612255674
0 0.6695822887366322 0.2579078444188038 0.030727825233769046 0.04541780007914227
0 0.14954406215156207 0.7231155880840906 0.039321575233769133 0.045667852665567034
0 0.2090508723582165 0.7440442020324287 0.019863048106406024 0.057599551332783605
0 0.26386109220579135 0.763546708300635 0.040902255951928354 0.04883831677218975
0 0.6899993278660478 0.27528556103270896 0.03227214451560982 0.04233826418576499
0 0.2673684081679824 0.963478512140701 0.03154543667008758 0.05169053213245363
0 0.5239168273750685 0.6043917024946472 0.013617593285945872 0.05819894490629274
0 0.6577867915653025 0.3793653072717853 0.036891466822512695 0.03075590650563296
0 0.4439844085607659 0.6989206039857152 0.031577252926866174 0.05715928213245362
0 0.6834680476154268 0.361427649512511 0.03605567466803503 0.021358174452321597
0 0.21720478170454932 0.9368083635526266 0.03377101200205255 0.031446228292387704
0 0.18201060762568946 0.528388109791703 0.020689749901804166 0.06543478338609479