0 0.5258777191876411 0.34147153732581315 0.01664599855225788 0.05628779735504663
0 0.5498588746881591 0.31814045313906353 0.017318086641599173 0.05398954998588259
0 0.5001285483856421 0.27638486362005493 0.01333906203449331 0.052199536831702885
0 0.48025269602827736 0.286942932021789 0.0135573858558109 0.05688703683170297
0 0.5355395095105127 0.2798059952324383 0.016391287427387446 0.05081904735504672
0 0.602003687341825 0.6135670742281032 0.025984611248705037 0.05605257892507769
0 0.52561235359571 0.4535088057416646 0.018172111248705037 0.05559755261671846
0 0.5171362659206535 0.30516231100333646 0.01412031203449331 0.05224503946253885
0 0.5103341100058507 0.47868311098921906 0.014047537427387447 0.050682539462538756
0 0.5393452138109576 0.4119737531249461 0.01802656203449331 0.05247255261671846
0 0.7284357164970447 0.8388639348643864 0.0438977032669877 0.03917589206513981
0 0.6006830899468588 0.7029480926439546 0.017645572373575467 0.06102079998588259
0 0.5715928651731372 0.9529704794474227 0.03434076674922295 0.03472361049510866