0 0.3600003282691662 0.561106743794747 0.03648301386770836 0.025111315963434678
0 0.5285126325057286 0.6463829259692855 0.026345600873680652 0.058976893713693815
0 0.86741605081809 0.433795304586386 0.043514263867708534 0.02543880169541115
0 0.8349113689223607 0.4862460624442688 0.04674836664124982 0.0302718509096227
0 0.3980809033072912 0.6051136089723934 0.0388449476632986 0.02600172787409356
0 0.38262021067798563 0.5637244755977819 0.03806369766329869 0.02596534057054072
0 0.8950994140408675 0.7228963459427149 0.04135235182361115 0.033142139784752445
0 0.30213915577583317 0.2580865975998539 0.038863131458888846 0.02678297787409347
0 0.17839710372347223 0.03020769251362067 0.038754028685347205 0.022095477874093505
0 0.8274060338162496 0.5734913513193984 0.041933580072118205 0.02458477708830529
1 0.3859809468102773 0.5873439121155466 0.029215374525034754 0.014627580231458381
1 0.8276255457840967 0.49685607671229254 0.022983558320625264 0.015117731803034929
1 0.16395274401607635 0.04595897104966795 0.024509690729444467 0.013628006410140791
1 0.5138500672512494 0.6715092045053327 0.012101262917777689 0.050509422249740865