0 0.253125 0.5375 0.04140625 0.02109375
0 0.44921875 0.61640625 0.0296875 0.0359375
0 0.7546875 0.64765625 0.04140625 0.025
0 0.60546875 0.64921875 0.0390625 0.0328125
0 0.2859375 0.51875 0.04453125 0.02265625
0 0.28359375 0.33046875 0.0390625 0.03125
0 0.23671875 0.35234375 0.03984375 0.0234375
0 0.2515625 0.48828125 0.04375 0.02421875
0 0.75390625 0.55 0.04140625 0.0375
0 0.87421875 0.825 0.03359375 0.028125
0 0.728125 0.6890625 0.03203125 0.0375
0 0.259375 0.37734375 0.03828125 0.02109375
0 0.865625 0.7984375 0.040625 0.034375
0 0.82109375 0.73359375 0.03203125 0.0671875