0 0.5277404326361503 0.901365990895307 0.014276734171687266 0.05741769490629274
0 0.5024716513865624 0.9622269345479586 0.011728432629559827 0.04563074874635866
0 0.5383972889668164 0.8276557062555708 0.026722187093786688 0.05465640775927412
0 0.5185057544708174 0.9383347934817318 0.014222187093786687 0.05429269490629274
0 0.5212194715963763 0.7828660434817317 0.02520059740221221 0.0569546936526514
0 0.5914070608809137 0.6090360868969563 0.02832559740221221 0.05704562186589683
0 0.5376006278476121 0.9627664921489483 0.02183013555165907 0.04280126543940597
0 0.5044819849890569 0.7575848986545812 0.0226250223211343 0.043605247492717505
0 0.5532216737076967 0.9178033331360329 0.024310253246410875 0.05068196159934004
0 0.586548011367381 0.5295304433234471 0.01741537094116268 0.05828987311953817
0 0.703501506496117 0.36058656353999147 0.04289661201270896 0.041852530878812466
0 0.4784029058507892 0.9543378782006101 0.013454573863261921 0.05505121285298138
0 0.5365651968363145 0.261590437055241 0.03507047524323355 0.04084396034569906