0 0.3466230602292115 0.4940034349436699 0.032506093878220454 0.050886550079142265
0 0.3564543635755219 0.6357362938774431 0.03989017095052709 0.021449102665566856
0 0.3691626106097724 0.6494123489711503 0.03995383794672147 0.02301160266556703
0 0.37089620695945086 0.5877163310244617 0.04229758794672147 0.02307979882550093
0 0.3678123107235031 0.49104591950426374 0.03534459239534575 0.0439462282923877
0 0.3396196906478285 0.6658784349436699 0.03399033942959626 0.029860996239076343
0 0.3526847178338658 0.5367448644105565 0.03772017589344294 0.04479567445232178
0 0.6222318497725385 0.2987063406578801 0.03925084239534584 0.04405988855894431
0 0.8953523092778095 0.08787517458533567 0.02367226334587258 0.06389501543940619
0 0.33755317186474815 0.7548954708370472 0.028394255437207506 0.026576871865896835
0 0.8598830414833124 0.17318218877110064 0.04430575692008247 0.034062762932123736
0 0.5287975261602731 0.25538590116186366 0.020469008897248564 0.04273306927947216
0 0.8043015449433533 0.15841264660951715 0.020770097832553347 0.06927283722616084
0 0.860815483194086 0.054545849037657336 0.0495344263877346 0.04748040525199178
0 0.8787643285551813 0.0062644197187461965 0.04417842292769336 0.012528839437492393
0 0.8068641763505535 0.32532736196978107 0.03803851087441501 0.0526081744523216