0 0.7177086369279871 0.4111601719246522 0.020050228403274063 0.0699131097073959
0 0.37269818860072385 0.7234673354873609 0.033747558231457475 0.04838360182361114
1 0.3676333095861945 0.9402554451947566 0.01705470318850333 0.04253299211621524
1 0.9991910313481064 0.6954572110592354 0.0016179373037871869 0.02214775693385427
0 0.3869941412234003 0.9663997178961804 0.026139776119281775 0.05210801386770854
1 0.3547670601520214 0.7395287465815275 0.007686347241038049 0.012663654160312454
0 0.7641575910210017 0.4765663131671869 0.014540534825709096 0.06900457313826394
1 0.7755045267966503 0.48412424002892296 0.010555719696846566 0.052525587955902786
0 0.6760290699901024 0.34720742790857584 0.041519114653892686 0.04778418977951393
0 0.6944216231331772 0.4742784209747216 0.03197701831736559 0.05926655043684033
1 0.72320836442675 0.45639993674229107 0.015079445386587054 0.049509690729444424