0 0.33671875 0.69609375 0.02890625 0.021875
0 0.59296875 0.4875 0.02578125 0.03125
1 0.609375 0.47890625 0.0078125 0.01171875
0 0.03046875 0.0265625 0.03671875 0.02265625
0 0.31796875 0.66640625 0.02890625 0.02734375
1 0.04140625 0.0390625 0.0203125 0.01328125
0 0.3359375 0.6703125 0.02421875 0.01796875
1 0.35 0.69296875 0.02109375 0.015625
0 0.23828125 0.39921875 0.0296875 0.02578125
0 0.203125 0.428125 0.03125 0.03046875
0 0.0265625 0.11875 0.0296875 0.0171875
1 0.82265625 0.125 0.01796875 0.01015625
1 0.43359375 0.0921875 0.01875 0.01796875
0 0.68984375 0.01328125 0.03125 0.02265625
0 0.41796875 0.09765625 0.03125 0.01875