0 0.4890625 0.39921875 0.02109375 0.01953125
0 0.45078125 0.378125 0.021875 0.015625
0 0.4546875 0.346875 0.02265625 0.0109375
0 0.42421875 0.3390625 0.01875 0.0125
0 0.4390625 0.8859375 0.01328125 0.0484375
0 0.55546875 0.62421875 0.01484375 0.01875
0 0.28828125 0.28359375 0.01953125 0.01015625
0 0.334375 0.0421875 0.009375 0.03125
1 0.428125 0.3453125 0.00859375 0.01015625
1 0.47578125 0.4 0.0125 0.01484375
0 0.5578125 0.6140625 0.0109375 0.0265625
1 0.55234375 0.61328125 0.01171875 0.01171875
0 0.540625 0.70859375 0.0234375 0.01015625
0 0.5328125 0.71875 0.028125 0.01015625
1 0.525 0.7234375 0.0078125 0.009375
0 0.73359375 0.7609375 0.01875 0.02265625
0 0.81171875 0.83125 0.01640625 0.02265625