0 0.38125 0.39921875 0.03828125 0.021875
0 0.39296875 0.3828125 0.03671875 0.02734375
0 0.3875 0.53671875 0.03359375 0.046875
0 0.834375 0.95234375 0.04296875 0.0453125
0 0.37734375 0.49453125 0.0359375 0.04140625
0 0.79140625 0.85859375 0.0234375 0.06015625
0 0.36640625 0.534375 0.02890625 0.04765625
0 0.88125 0.925 0.02265625 0.07109375
0 0.3921875 0.45 0.04296875 0.02109375
0 0.61953125 0.73515625 0.03671875 0.0421875
0 0.3625 0.37421875 0.02890625 0.03046875
0 0.85 0.83671875 0.03984375 0.0265625
0 0.534375 0.78203125 0.028125 0.03046875
0 0.79453125 0.68125 0.02421875 0.06875