0 0.27620974254844516 0.4373058571419447 0.018330847338261604 0.06676992591180557
0 0.611179014260094 0.7375669623840283 0.031565676387734595 0.04678473423243048
1 0.6183363037662398 0.9457431382958339 0.015717841901054186 0.04095230832062491
1 0.004707780476029203 0.7101205356192015 0.009415560952058406 0.02136650693385427
0 0.6007522143366437 0.9725488067761894 0.025011928859192522 0.05490238644762115
1 0.6293241777962473 0.752847123478195 0.006727502471457925 0.0118642203647223
0 0.23222497920257226 0.49962336597566 0.013643347338261691 0.06666082313826394
1 0.2217503942216003 0.5071994766329864 0.009100427376317732 0.05094490416031263
0 0.3162564223962208 0.3756786793302781 0.03931450939154013 0.04540407218833344
0 0.2995398131949611 0.4980621723964239 0.029635761862998145 0.05688643284565984
1 0.2713339001530993 0.4802018719595836 0.013660593383928976 0.04792900693385427