0 0.21895102966144586 0.3145073145630355 0.022638590162687856 0.13239642017181658
0 0.45994769262201596 0.12251232360814704 0.024178364264988872 0.12857205732694627
0 0.9559930082896194 0.5429199146291486 0.02324257816063522 0.10196861374938138
0 0.8994844539366973 0.6297747834669127 0.020158484776493422 0.10883608943912186
0 0.7044112858097659 0.2579429698083883 0.031136891392351984 0.11644054952503016
0 0.940995243066113 0.6499135430778511 0.023328936571891744 0.11681236374938138
0 0.7165835120020525 0.06801401062699122 0.021443728824565335 0.06126172659425164
1 0.4382181383672898 0.14636590343633055 0.014430659542724555 0.0640182343961678
0 0.4819565863520589 0.6836512194697042 0.0333897378015557 0.1009383802577247
0 0.6595891443192181 0.2056091858871904 0.03638292759490121 0.07844590456798431
0 0.6321226744716434 0.18308241067241976 0.04351417154477701 0.09600189676606816
0 0.4973952339909268 0.6524388410210016 0.02561359923787414 0.1067789444820761
0 0.13826515280522927 0.5414582389187235 0.039767002828670385 0.12314092887824372