0 0.1796875 0.3296875 0.025 0.13359375
0 0.421875 0.1796875 0.0203125 0.12734375
0 0.71015625 0.3765625 0.02109375 0.10859375
0 0.54296875 0.7140625 0.028125 0.1015625
1 0.39609375 0.215625 0.01171875 0.07890625
0 0.690625 0.31796875 0.01875 0.1171875
0 0.18671875 0.6453125 0.02265625 0.115625
0 0.9390625 0.74453125 0.0234375 0.09765625
0 0.7640625 0.58125 0.01953125 0.1125
0 0.521875 0.7578125 0.0203125 0.090625
0 0.975 0.6453125 0.03203125 0.1
0 0.98046875 0.81171875 0.03515625 0.1125
1 0.15390625 0.54375 0.0234375 0.075
0 0.65390625 0.0609375 0.03125 0.10625