0 0.94140625 0.22978420078127906 0.02890625 0.07322133023145838
0 0.62421875 0.6845422055387901 0.040625 0.03548588978475227
0 0.30390625 0.02118591108208926 0.0421875 0.015246164391858146
0 0.28203125 0.3654795665826073 0.0234375 0.05890411910658786
1 0.2703125 0.3274337570293134 0.009375 0.02309289764263518
0 0.9828125 0.3262439778695843 0.034375 0.028163541356328904
0 0.6625 0.6683564334128835 0.01953125 0.0665346825888232
0 0.6375 0.6156295396991898 0.01640625 0.06951413337461147
1 0.9265625 0.2665928420137734 0.00859375 0.023837760339082158
1 0.596875 0.6731123999144375 0.0296875 0.027945217535011224
0 0.60546875 0.7125751602535197 0.04140625 0.04255352708830529
1 0.66953125 0.6452464191448599 0.01171875 0.04976455955329388