0 0.27019453409555244 0.679765809813871 0.02853410308425506 0.023601126463433174
0 0.5704144967568844 0.5346225232185382 0.02779376339268058 0.025940331283893413
1 0.5877656379905865 0.525347517168414 0.009538641233702095 0.009429542154477666
0 0.289907016238645 0.7142589844819061 0.030096603084255057 0.023610216822512697
1 0.007748270292539461 0.0484874969749379 0.013581258928453738 0.01726476805217675
0 0.3814800507313486 0.12332543315404616 0.030836942775829535 0.021271012002052548
0 0.2896439634787014 0.6845669393023662 0.02457330600635448 0.020453400565734015
1 0.30402406331654563 0.7112157977136226 0.020598872158978578 0.016524424668035033
1 0.40339596103977415 0.1211089481811608 0.014239778003177151 0.010238063231716544
0 0.19680149310343645 0.40821754185989007 0.030891489853730292 0.024396012002052457
0 0.1566168238665572 0.4275169877033599 0.02947899431795715 0.032980671642972935
1 0.8107175373386681 0.15160653190094103 0.015775004464227037 0.008684653590796199
0 0.6766755482957166 0.04222192066101428 0.03318069277582954 0.021284647540671976
0 0.006833516842610035 0.034415906615858284 0.01366703368522007 0.023519313231716566
0 0.0035897400572488156 0.13518352107723886 0.007179480114497631 0.01880454215447771