0 0.16793956772302115 0.37539175992479745 0.0434603656913195 0.05665241439185813
0 0.19335779502159753 0.3945249036384912 0.03412173328250008 0.05777826674922304
0 0.2447378038553128 0.3555566029765374 0.03795524810013893 0.05483520326698761
0 0.7687604513661116 0.572722909839235 0.04782055737069442 0.04280823821317572
0 0.12796722473312525 0.30095253205070394 0.04992922444878482 0.09987587551672865
0 0.7232466231938546 0.494903970840271 0.039989873575104085 0.041663115177646405
0 0.22362325721819465 0.21956344499482006 0.036083623575104265 0.04148117865988184
0 0.7629455560395144 0.5240670860179174 0.05298018284565984 0.029781699338046152
0 0.46710441954663223 0.4205417098820162 0.04605803561920148 0.03414171360606986
0 0.24253560495774318 0.1603532648871962 0.04271483007211803 0.02462116439185813
0 0.8211055077868755 0.6422755845701753 0.04496831430454869 0.05438143899896399
0 0.956225390195695 0.647008088084832 0.03955411569131968 0.05647047787409356
0 0.8317507606366672 0.5631702814270222 0.02440189437666689 0.07605523180303493
0 0.9626396975663895 0.6878877992097026 0.02696319671336802 0.051982031017246653