0 0.10234375 0.20625 0.01953125 0.07109375
1 0.41484375 0.64296875 0.02578125 0.0234375
0 0.39140625 0.6640625 0.03984375 0.0234375
1 0.11484375 0.23828125 0.00625 0.0234375
1 0.72109375 0.35390625 0.0109375 0.01953125
0 0.709375 0.38671875 0.0234375 0.05078125
0 0.6828125 0.0546875 0.03828125 0.02109375
1 0.7 0.0359375 0.02578125 0.02578125
0 0.38125 0.6078125 0.0140625 0.0625
0 0.05625 0.3 0.03828125 0.02578125
0 0.41015625 0.6890625 0.0390625 0.02578125
1 0.35390625 0.6359375 0.0125 0.04453125
0 0.359375 0.6578125 0.01875 0.06171875