0 0.33046875 0.7328125 0.0296875 0.021875
0 0.35234375 0.7375 0.015625 0.0140625
0 0.64765625 0.64296875 0.02734375 0.01953125
1 0.88203125 0.23984375 0.01875 0.0109375
0 0.2171875 0.45625 0.03046875 0.02734375
0 0.7453125 0.1484375 0.03203125 0.0171875
0 0.25703125 0.46015625 0.028125 0.02734375
0 0.35078125 0.7671875 0.02890625 0.02265625
0 0.0703125 0.1234375 0.0359375 0.01953125
0 0.43828125 0.23359375 0.0421875 0.02578125
1 0.365625 0.7609375 0.025 0.0125
0 0.071875 0.23203125 0.0296875 0.01953125
1 0.44921875 0.228125 0.02109375 0.01640625