0 0.5578125 0.95625 0.03671875 0.04453125
0 0.30078125 0.0265625 0.03046875 0.0203125
0 0.65546875 0.553125 0.0140625 0.03984375
0 0.3765625 0.10859375 0.034375 0.021875
0 0.34921875 0.12265625 0.03125 0.0265625
0 0.39296875 0.07578125 0.03125 0.01875
0 0.61796875 0.284375 0.0171875 0.05546875
0 0.83203125 0.4671875 0.04453125 0.03046875
1 0.34609375 0.13046875 0.015625 0.01328125
0 0.65 0.5828125 0.02421875 0.03828125
1 0.65625 0.5796875 0.0109375 0.01875
0 0.5703125 0.9453125 0.0390625 0.034375
0 0.55 0.93046875 0.04375 0.01953125
1 0.53046875 0.9375 0.01953125 0.015625