0 0.35009816005314115 0.7404101080521794 0.031451207195929066 0.02144828600413611
0 0.6856225911942223 0.6692736414305864 0.028180657981717337 0.01828692333704538
0 0.12312066873508434 0.12571871001749918 0.0391909325888232 0.01997669267186337
0 0.28948826158193647 0.44735899470877083 0.03074273180303493 0.023001695337363515
0 0.12118783354122727 0.2343488226845901 0.030597182588823203 0.019876695337363515
0 0.24759186001035993 0.4406180987030438 0.03263271753501131 0.030051126670908878
0 0.3683194671252357 0.7687623747214974 0.029925094499482087 0.022211354670590745
1 0.938756323202145 0.2524605007956304 0.01687928494618802 0.010347154002227122
0 0.80998281389652 0.1641963374442676 0.03130565798171751 0.018323286004136196
1 0.4917721612914862 0.24960438940163324 0.02331122146395259 0.014326129336408932
0 0.4756741263452982 0.25957882606617877 0.028852746071058633 0.015952264003817974
1 0.3818190409465533 0.7642294160566337 0.02193065798171734 0.018214198002863568