0 0.7229711530957413 0.533718907735803 0.05098214664195542 0.03074538896415202
0 0.6814185701561168 0.5624104737691765 0.04977431070710594 0.04081975180902227
0 0.6754239973832933 0.7787348366140469 0.04053571996293304 0.04423467887824373
0 0.681175489578745 0.7480204251486575 0.03846478847458741 0.05192434814554918
0 0.030086770966574215 0.2549840711217562 0.048474705534962845 0.025935058231457475
0 0.1258754422033009 0.3926710996158872 0.020133939925866207 0.08527575870642731
0 0.7492905725183695 0.7179367774780782 0.042306551088459085 0.027951259610938452
0 0.21648059483570609 0.4331522574632318 0.04640377404661713 0.03362472749876275
0 0.5051859415703287 0.4952240530315331 0.03493056070710594 0.04004182383528967
0 0.19453616216623398 0.3469624519453079 0.046331852176918265 0.05389628392119796
0 0.14210558821228414 0.4861787601767653 0.049538697730414506 0.05640380823145748
0 0.7347246194304773 0.5767728669172001 0.050927582939624474 0.0291828889641522
0 0.32773555336589383 0.4405785758714546 0.031006952539737932 0.061671162369900404
0 0.1491145347615723 0.35246217944407066 0.0442609206885725 0.06158595318850333
0 0.7279165695231447 0.6824053912274597 0.031297129218760135 0.04764960594746519
0 0.033764842473453384 0.2836446596563669 0.042306551088459134 0.027951259610938452
0 0.7250742786014864 0.8977847297620702 0.022621533665263982 0.0448554765942518