0 0.10410924300687803 0.7128753903044487 0.02663670783841652 0.05726867193911023
1 0.7349487513866553 0.915805505857137 0.016929087226160888 0.01863725346004088
0 0.15639550554329035 0.8199902119395478 0.02918504631821861 0.06439542243340171
0 0.45116271707612354 0.3171557361226545 0.035261550079142265 0.03186942391627658
1 0.1669298402621687 0.7797644599623814 0.007485891066226813 0.01591150148287479
1 0.47598086064963285 0.32238706418354424 0.01688362311953817 0.01707475346004106
1 0.4211713401956617 0.30199099254844514 0.012324155251991797 0.04810191897336073
0 0.7656725318032492 0.5571653349066098 0.02801735141192587 0.0510823389353046
1 0.778408212523777 0.5753741654389575 0.0166024782923877 0.03423041996194396
0 0.7091220372800325 0.9184185112943444 0.03746890775927429 0.02727742441056833
0 0.46457199920857717 0.28539640015309936 0.03896321159934022 0.02499734140676253
0 0.42566862358175656 0.2815193250579592 0.019006064264907252 0.06320033695813834
0 0.44781875673042465 0.35162623661694614 0.038113765439406325 0.02262175790866543