0 0.3433402644363892 0.401267092379798 0.018060975398715408 0.07195356512886235
0 0.2842938791777782 0.48571069142985834 0.023493357807534743 0.07067767017181659
1 0.231551392095556 0.5385357982818347 0.013609211531007049 0.04831134724103805
0 0.029990851726701934 0.6500033220262674 0.030851262917777823 0.05155585594746519
0 0.6655679418668062 0.7692237177762827 0.03424836664124999 0.02988557383528967
1 0.6821378460271188 0.7753951526474203 0.019022756933854267 0.012701395861557075
1 0.04312663136197971 0.6430572812076644 0.02703527868534723 0.021704581637205678
1 0.2813877379352435 0.5288841593176826 0.020731380508958352 0.052586089439121866
0 0.6419882375539938 0.9323754929910534 0.018042791603124896 0.07117231512886235
0 0.65579616441573 0.9207010085948856 0.02283874116628475 0.04255267017181623
0 0.2463224069131949 0.534632870308102 0.01717062262517368 0.06722512155129756
0 0.03180596523381991 0.559954854138443 0.03766430737069448 0.042549348145549185
0 0.34236225873680604 0.5608877538451873 0.021785387442812533 0.06434578301668666