0 0.9090775763021892 0.4666199183253088 0.05190519358660843 0.15619865012383444
0 0.6204008599874092 0.5027030833363394 0.027209156654977563 0.1277268937136938
0 0.879664180600965 0.02601705526467159 0.03832788879807012 0.05203411052934318
0 0.3755678267092263 0.6655456474377474 0.04124438311602718 0.12681936517764641
0 0.26286545495728475 0.8612648699351574 0.03362279788867957 0.13739299214211725
0 0.34937270860414216 0.0278825299325674 0.026240946022240495 0.0557650598651348
0 0.32888293060096496 0.038661643249314315 0.02270288879807012 0.07732328649862863
0 0.21213398701435646 0.18995710421939166 0.032541538960225845 0.12016910483856424
0 0.1877067313323136 0.1583089979330854 0.020096086038126515 0.12271190798171734
0 0.09691986444834082 0.040263790581235887 0.04833413433384317 0.08052758116247177
1 0.6404639439969408 0.4713246507475162 0.018687544642268607 0.08673802067816432
0 0.24374903653118443 0.7489660771310864 0.02154949188232518 0.1165346825888232
1 0.9689668194023303 0.3896721205588391 0.023075035713814883 0.06976884449948209
1 0.2736859525216528 0.7780157222925222 0.018442082791715643 0.07267552067816432