0 0.8941915306821177 0.6364705503309022 0.029798562404687347 0.10594603693163088
0 0.42774052745107627 0.14325375324970616 0.02732817904593752 0.1340164898537303
0 0.6941441646095484 0.27292406778077255 0.03470426795177097 0.11540285754848192
0 0.7299868263693051 0.4776837057680637 0.026019598973819492 0.11134660308425506
0 0.9343814260087147 0.5873512118571437 0.02905367999586801 0.10749490016215582
0 0.6653658543890624 0.23437976502082897 0.03237870174736131 0.11614319724005648
0 0.9219340177643396 0.6859659898603209 0.029907665178229337 0.11063353693163087
0 0.176210475779965 0.3475629724038599 0.0366304438635765 0.1310551310874323
0 0.4733503941892355 0.7336236087695932 0.02607415036059031 0.11369035308425524
0 0.15220470564399252 0.6072516181017888 0.03475881933854179 0.11774660754848192
0 0.675326001899861 0.047305508626471204 0.022004246200277855 0.09461101725294241
0 0.4883766353555202 0.6919718969190403 0.031996842039965404 0.0997369472400564
1 0.4068825135833679 0.16704580925606058 0.018406467514930646 0.08622387215897857