0 0.6522795056851949 0.44375 0.0337981473268119 0.04375
0 0.6407728582877958 0.41328125 0.034397386803468065 0.040625
0 0.6705821846526249 0.46484375 0.03600538943430394 0.04140625
0 0.47808678760816187 0.80546875 0.0262054552052021 0.0609375
0 0.6642797057698995 0.5328125 0.041481844710093266 0.028125
0 0.39859743770698386 0.909375 0.03850803413027988 0.084375
0 0.6412216373681654 0.553125 0.04355257892507769 0.0234375
0 0.633515553181416 0.578125 0.03683984734092931 0.02890625
0 0.6608060952747906 0.565625 0.03987384207925739 0.02734375
0 0.07228556668853132 0.9453125 0.0385234446818584 0.0578125
0 0.21921783475144693 0.56875 0.023922618387616622 0.03515625
0 0.13098573250178172 0.9703125 0.018256447312694313 0.05859375
0 0.12613715073410656 0.771875 0.020637994667740987 0.07265625
0 0.20700220093175065 0.9796875 0.03517863680346807 0.040625
0 0.6135362531249461 0.51875 0.019735647326811722 0.04375