0 0.5765625 0.49296875 0.0328125 0.02109375
0 0.421875 0.5625 0.02265625 0.05234375
0 0.1203125 0.35625 0.0390625 0.021875
0 0.14765625 0.4046875 0.04140625 0.025
0 0.540625 0.53046875 0.034375 0.021875
0 0.55546875 0.49375 0.03359375 0.021875
0 0.0890625 0.615625 0.03671875 0.02890625
0 0.634375 0.22109375 0.034375 0.02265625
0 0.7515625 0.0203125 0.03515625 0.01796875
0 0.153125 0.48359375 0.0375 0.0203125
1 0.55234375 0.51484375 0.0265625 0.01171875
1 0.1546875 0.4140625 0.0203125 0.01328125
1 0.7640625 0.03515625 0.021875 0.01171875
1 0.43515625 0.58515625 0.01015625 0.0453125