0 0.4121917889684287 0.5334680476154267 0.039919344710093264 0.02834771379745078
0 0.5632020101704078 0.37736855942108755 0.04098131577089816 0.0197630541565303
1 0.5421460575254545 0.3913037943939729 0.02664579998588259 0.014993740924813714
0 0.3888907968609364 0.5356754422292325 0.03220555524755442 0.01658805718159222
0 0.8961943336220521 0.6237542426733296 0.04543359734092931 0.029160780054229285
0 0.8916580230422388 0.6799587908779314 0.04244510523343692 0.031486349336070064
0 0.8800996257860142 0.5619627698006926 0.04047308155591374 0.024446008976990542
0 0.8692769758989536 0.44319004390299355 0.038129331555913734 0.02443237343837108
1 0.8953297836361698 0.6089104926733295 0.02430204998588259 0.014980105386194254
0 0.33346390437227347 0.9383413790957118 0.0363848210325699 0.02129828307929138
0 0.43371817847331984 0.500791903001621 0.03881957629424182 0.02287441861791084
1 0.42277297319753054 0.5140049753085238 0.02655479472421085 0.013431240924813537