0 0.37050300933219554 0.3029690213996233 0.028765928165332966 0.03835684471009326
0 0.4995139939076248 0.6598876083583831 0.018128437093786687 0.05490730787839038
0 0.35841211241645066 0.3271345634929981 0.030342064934808198 0.03922909997176518
0 0.36690249675029385 0.4103187898154747 0.03860853246740401 0.02097962891096028
0 0.7534356550268292 0.7803920112292154 0.03602900324641105 0.05204761838761662
0 0.33523371103647887 0.34334339241807577 0.025600017856907444 0.03583108418674961
0 0.588159482543539 0.7204163137047596 0.037881829545304765 0.024059126280124233
0 0.35099112459131526 0.3948225924321932 0.036292056006354476 0.02240562101845258
0 0.8406941473161915 0.7166564639447559 0.0357699046263825 0.03720386838761662
0 0.7886776797835955 0.7384551402107629 0.022843210632737154 0.05674282366340577
0 0.878118055188985 0.7997195929263035 0.024405710632736798 0.056833828925077864
0 0.7567806176881612 0.9272215085983795 0.02884774878218401 0.04304434471009344
0 0.7995993632239342 0.9161251139024037 0.035565353084255236 0.025485118387616624
0 0.7976906209378674 0.4931503454865521 0.01978639448011297 0.060467063140062116
0 0.3491519350618965 0.42386535032470096 0.02769830600635448 0.021905092079257393
0 0.37199909983454893 0.43348327403045916 0.03561990016215581 0.028610118387616623