0 0.14885240782578127 0.4506628205559293 0.0460315655185485 0.05389628392119796
0 0.09873405054136068 0.290765520126388 0.041602478292387654 0.03572281603337348
0 0.7437747997499379 0.6297227945481891 0.05327576418576498 0.03477446969684657
0 0.10342991072877512 0.31761462516934214 0.0583329887172289 0.10134449400710617
0 0.1946125033652123 0.19563780585660823 0.046630959092057764 0.047687227498762794
0 0.7585934691876947 0.5506903917892272 0.0485571719450391 0.06026911465389251
0 0.788727250066507 0.5100178041591276 0.050369724531464044 0.06894475180902226
0 0.6848520923072328 0.5303945019205639 0.030406565518548413 0.0530774123699004
0 0.911851198338012 0.6886075508797672 0.047556961599340045 0.02589411465389251
0 0.1309207617449895 0.4215551746943723 0.056005959092057765 0.04817855042954129
0 0.4011734257724699 0.46466884610938425 0.041784334718878394 0.04197281603337348
0 0.7507976895625235 0.6034878431687082 0.04368781551854841 0.05377345318850324
0 0.19606002843803694 0.41479724163225706 0.04060827962517113 0.05517217887824373
0 0.19133673917944732 0.22754622512391362 0.04663095909205772 0.04768722749876275
0 0.553571000066507 0.4976937873120999 0.026014582211595895 0.06298800090451113
0 0.9043031227903338 0.6522196715265536 0.04695756802583091 0.03210317107632772
0 0.1032326485880742 0.055486439393693375 0.017383728292387657 0.0344535651288624