0 0.1046875 0.21328125 0.0234375 0.06953125
1 0.4203125 0.63984375 0.02265625 0.021875
0 0.36171875 0.64765625 0.0171875 0.059375
1 0.72421875 0.34609375 0.0109375 0.02109375
0 0.3953125 0.65859375 0.03671875 0.0265625
0 0.6890625 0.05234375 0.0390625 0.02421875
1 0.70625 0.0328125 0.0234375 0.0203125
0 0.38515625 0.5984375 0.015625 0.0640625
0 0.4125 0.68359375 0.03671875 0.0359375
1 0.35546875 0.6234375 0.01171875 0.04765625
0 0.0609375 0.303125 0.0375 0.02109375
0 0.71171875 0.38046875 0.021875 0.0515625
1 0.11875 0.25 0.00703125 0.01640625