0 0.2833518368489054 0.25631012909571177 0.03250853693163096 0.02753010236113216
0 0.6262269038123085 0.38719807737506845 0.028561376623205348 0.025163626463433175
0 0.40598395656895675 0.8374333849494443 0.033975579545304765 0.022070442720211858
1 0.4256243007247581 0.8437970144379395 0.02439602800317715 0.01029715056573437
1 0.020256736600728818 0.9367414758976992 0.00804432508107789 0.013326701795398322
0 0.20574858278842037 0.554265840064492 0.03404376339268058 0.025976692720211858
0 0.3053807954530476 0.2205044393023662 0.03245398985373029 0.024405102361132157
0 0.16190312540209417 0.5485425600102627 0.03492047077900677 0.03144998789975162
0 0.7411732085975516 0.9307804266129427 0.035565353084255055 0.02364203307929138
1 0.3218688660698986 0.2252873880727022 0.02610853246740401 0.018899990924813714
0 0.30439103977100473 0.2533078489432866 0.025368192775829534 0.021239195745273866
1 0.8899771270236521 0.8183763962641258 0.017419325081078085 0.013381243949875454
1 0.643537134737585 0.3943293213249442 0.011155688311602675 0.012563632513557365