0 0.010266344191023034 0.7032868260837233 0.02053268838204607 0.06158875741437377
0 0.2866950554194648 0.35714801924019085 0.024822371587787197 0.06417258794672147
0 0.3347002158823814 0.2974891763505535 0.03917381596343468 0.03746550790866543
1 0.645960661915168 0.9140785211801761 0.02743579528527036 0.019832338935304606
1 0.024447496694740316 0.6805204881370018 0.01017552067816443 0.01756950197716627
0 0.6432916960327866 0.6030601081383145 0.027765435070022448 0.06039367193911023
0 0.6285184507902974 0.9202476081383144 0.035794104838564246 0.031869423916276673
1 0.3426197237402643 0.3283571743733872 0.013193512820281583 0.04888316897336074
1 0.657679527711987 0.6289859381763705 0.009430657981717338 0.01831891847906917
0 0.35170793341739276 0.2671650063886096 0.04110018899896399 0.04534167490485981
0 0.3172708132773476 0.38709284581820586 0.03850172787409356 0.039777424410568155
0 0.0021788143108048786 0.626675246539959 0.004357628621609757 0.03414950692008212
1 0.27439410856261787 0.3701255217116488 0.017699076302516926 0.045167919961943956