0 0.9856714179305397 0.9685310351474297 0.02865716413892052 0.017987587005972472
0 0.7038224959929792 0.6407385691511105 0.0415971475406721 0.03377624116628475
0 0.3816742643397436 0.46696210913871494 0.038567596311007965 0.0501097559839236
0 0.9544866130866385 0.8833754383578117 0.05253010236113198 0.03324956430454869
0 0.4097629029034251 0.46005749249746497 0.04316873789975162 0.03537510875746541
0 0.38763791802873565 0.41759788877399273 0.04167896077238851 0.04783874116628475
0 0.41965046642972925 0.279334169359201 0.04233294574527395 0.02598192496187508
0 0.42149931274073726 0.32851655176802047 0.039312484874689524 0.04387793977951393
0 0.9785447191602039 0.9390253731033326 0.042910561679592264 0.024528527735416715
0 0.4018407977136226 0.3070961466577774 0.042346581283893237 0.02832567496187508
0 0.9161684807694728 0.743623260546145 0.047043171642972934 0.029997277735416716
0 0.382890809813871 0.27315755775194417 0.0399846505657341 0.025146123575104262
0 0.5694429508134394 0.6430849319926384 0.02139827702916719 0.05283471248093754
0 0.8607633632830302 0.7558518100330549 0.014430659542724555 0.06360855832062491
0 0.9565985589301083 0.8434771369710408 0.03087781615858276 0.07102166802802116
0 0.8880293243500063 0.6075409433918049 0.03995283430895533 0.019677373575104084
0 0.3862561834486337 0.18009788877399274 0.030618740924813714 0.026490418028020858