0 0.35234375 0.30078125 0.0296875 0.03984375
0 0.36484375 0.27734375 0.0296875 0.0359375
0 0.571875 0.71015625 0.0359375 0.0453125
0 0.3578125 0.3875 0.0375 0.01796875
0 0.4890625 0.63046875 0.01484375 0.053125
0 0.33046875 0.31953125 0.02890625 0.03984375
0 0.33984375 0.37109375 0.03515625 0.0203125
0 0.871875 0.8109375 0.021875 0.05625
0 0.7875 0.91875 0.03671875 0.02578125
0 0.84140625 0.71484375 0.03203125 0.04453125
0 0.73984375 0.9359375 0.02890625 0.04921875
0 0.740625 0.7703125 0.03671875 0.046875
0 0.7859375 0.7421875 0.0203125 0.05703125
0 0.34140625 0.4 0.0328125 0.0234375
0 0.80625 0.5140625 0.0140625 0.05859375