0 0.45820254737763033 0.5880395789886042 0.01381976087441501 0.05210830955329406
0 0.5648424555137572 0.23764578080784968 0.022141596843970036 0.0649721825888232
0 0.5009059950199031 0.44287478225559174 0.014760178364900867 0.0560509468568469
0 0.4899976699247629 0.4032300853987449 0.017980678859192523 0.058540246071058635
0 0.43967538186431054 0.5816975337033338 0.01381976087441501 0.05210830955329406
0 0.4777032583657759 0.37839275123834504 0.02050084239534584 0.04384204528527036
0 0.4944902158566994 0.5811196449520388 0.013787927376317732 0.051327059553293884
0 0.48085348019115537 0.5123867615774274 0.015509594866803766 0.05530608416039975
0 0.5700167282511701 0.1298696681114026 0.024326179353484002 0.061175094499482
0 0.5075778062748789 0.5480717045053327 0.013978928364900866 0.05601455955329406
0 0.47519638779580975 0.5551735750596627 0.01460101087441501 0.0521446968568469