0 0.4661299030825938 0.4828371883083074 0.022435713097709885 0.0636085324674042
0 0.4906055292921311 0.37143208400623634 0.021335944681858267 0.058126145697928955
0 0.5110622424604281 0.38273777678206594 0.0246429552052021 0.061305692775829625
0 0.4316646268448217 0.564350241068251 0.015867194681858265 0.05803068831160267
0 0.43236111881113964 0.4181201233734993 0.02459745257436623 0.06052444277582954
0 0.4728951135494677 0.42039173538620817 0.030665442051022396 0.05750853693163087
0 0.45523165848544006 0.6296712779998819 0.015685184158514786 0.054905688311602675
0 0.3116364930251254 0.9703000926327074 0.026478470990217672 0.05939981473458502
0 0.45104250035293586 0.3793439955324779 0.023914913111827297 0.04880569277582954
0 0.4373917111021585 0.6137189955324779 0.01755849729857708 0.0736693250810779
0 0.3493093402248803 0.796743955354436 0.02205628149944392 0.08389375892845372