0 0.5046875 0.6083781469190402 0.01875 0.05892103246740419
0 0.5203125 0.5620116615295367 0.02578125 0.058262513392680584
0 0.52265625 0.5002520012211112 0.0203125 0.06285455600635448
0 0.56015625 0.558191186286303 0.02109375 0.06286819277582971
0 0.484375 0.5993577029253946 0.0203125 0.06129205600635448
0 0.5453125 0.5990752849063313 0.0203125 0.05113580600635448
0 0.55234375 0.41614005398105486 0.0125 0.06037443831160268
0 0.52578125 0.3541037041432106 0.0140625 0.052589211850553055
0 0.54296875 0.3678661952147569 0.0125 0.07209318831160268
0 0.62265625 0.1821002447282895 0.01484375 0.07916534862002819
0 0.64765625 0.023938613131237022 0.02265625 0.047877226262474044