0 0.18824012151256272 0.4785568386214928 0.05769837891096028 0.03957229948690966
0 0.6099653901401757 0.6856341482732982 0.047959357864272786 0.033104093939826384
0 0.7226018980326835 0.680671931708298 0.024870468359381802 0.06533471248093754
0 0.7517433664626523 0.6893559474758674 0.03125697625188941 0.06782393284565966
0 0.29970126627912574 0.5071701882609025 0.04311993942018653 0.05717737357510426
0 0.5933708823888423 0.8365972362292009 0.04350707629424182 0.02363817496187508
0 0.7541557349208562 0.7283093447023257 0.04643465521931951 0.04711204255305575
0 0.1693227925168978 0.42828473489802066 0.04533488680346807 0.04162510875746541
0 0.014898051442474866 0.29242323613229165 0.029796102884949733 0.05414329255305557
0 0.14784190564284255 0.395236498765729 0.05012109734092922 0.030033645326597202
0 0.17782626627912573 0.5100068603729859 0.03646041574266325 0.05000065321038196
0 0.6824774269718785 0.6730237390789924 0.036543715728545936 0.0648262194147918
0 0.662772600748224 0.7702260473996174 0.018294244667740857 0.0729835583206249
0 0.39320136632147806 0.5494648314032983 0.030589847340929132 0.029579050436840327
0 0.0650888607774575 0.2621895690542013 0.04633594468185842 0.05881260875746532
0 0.3803094402672326 0.8243920962209371 0.021108431527678738 0.05432447729857657