0 0.6333355940881322 0.6856663572995755 0.028643168006045272 0.04616934471009344
0 0.6316174580680878 0.5380101072995755 0.027871008672817867 0.046905092079257214
0 0.6443629060709514 0.5598318993929503 0.03247669267186346 0.040146857864272786
0 0.6443089094127691 0.6222863967621144 0.0400801073360908 0.022633134172632196
0 0.6423015140833599 0.6510561388696067 0.034802261338317916 0.038720865756780756
0 0.6535480967536323 0.6782556757013095 0.027898280673136 0.04924884207925721
0 0.6679004034054513 0.5697907283180281 0.035447151336727246 0.027047618387616622
0 0.41479686879372135 0.959462360142173 0.017842028007635947 0.057251057878390556
0 0.5052582367918124 0.9506781653191403 0.028552261338317918 0.03835684471009344
0 0.1590650367997666 0.9879791571747998 0.03465681066995439 0.024041685650400525
0 0.2208746934674938 0.9939235762236546 0.0315227200031817 0.012152847552690815
0 0.23100148209735916 0.7301557497882385 0.02953350600731781 0.05558984734092913