1 0.6882004421072269 0.15363582133724313 0.012251016508343326 0.010565477767481424
0 0.6969469210763277 0.021840184313934585 0.018951395861557075 0.019377482576804838
0 0.2536317695605611 0.2995188172457099 0.019070904567984305 0.03653770072563942
0 0.2392040993887446 0.2781076087155222 0.03066682383528967 0.0346031784931208
0 0.5151081801214392 0.27082086525412613 0.026023589439121864 0.020404269237293705
0 0.359267615897088 0.2840897354872117 0.013438380257724791 0.03322172776748147
0 0.6773038856847917 0.15479901725355913 0.03268634724103805 0.013618555897782558
0 0.32605232417397395 0.24768100953382882 0.016607645861557073 0.019295637023308564
0 0.4150915699901024 0.348668101459128 0.01228531603337366 0.04097966406515052
0 0.32888407507848505 0.27184519583149797 0.012370525214770644 0.027725695916315997
0 0.6892959526226765 0.2193426668907394 0.025777927973732774 0.015716769237293704
0 0.7259007587064273 0.0007861621662340155 0.019732645861557076 0.001572324332468031
0 0.8231719063770067 0.05578361997863155 0.02429731512886235 0.017224705534962848
1 0.31889159938874456 0.27532485989664857 0.012660452283992107 0.018377977767481467