0 0.7510545281374394 0.30163873812575404 0.02536209733826169 0.06759361374938137
0 0.3242745108372339 0.3614785690855913 0.029253759885831697 0.04830802521477064
0 0.332792664981847 0.4214267791714995 0.0414208374524299 0.021660316033373483
0 0.5797710716350991 0.08597171528583256 0.020388095855386902 0.06031670228399215
0 0.3464360123201086 0.35559373925740784 0.030688925893442943 0.0452649123699004
0 0.3287153186321685 0.48306364201636975 0.033654758402956994 0.04152243668015991
0 0.3356285049057348 0.3902586663266293 0.036062175399151374 0.043207767412854634
0 0.3039063196207517 0.47706594753429366 0.0351708374524299 0.021332767412854635
0 0.3396382311797386 0.5032090456798428 0.0284725098858317 0.04826708163720568
0 0.49148982163509913 0.0813450910210016 0.033431923916276675 0.036053686680159916
0 0.8362730810266392 0.054788071571982136 0.037610087946721646 0.023799348145549182