0 0.4570754561157642 0.39166203345260187 0.028725065254479175 0.026599603919208282
0 0.7520398511580211 0.23375963908766978 0.025436411094166722 0.019477425705962937
0 0.6781413302595494 0.8206806290585398 0.03477504350298606 0.01818771034569906
0 0.771698387727153 0.23866008775488626 0.03097789627652787 0.022761550079142268
0 0.7497681831300003 0.20333635319429244 0.03257676386770836 0.024369514185764985
1 0.2174031988006604 0.8090698084589196 0.019004573138263935 0.011483069279471892
0 0.90224509859257 0.5069206912783831 0.03353985182361115 0.03220474623907634
1 0.7349608007211808 0.2053307622072079 0.024636977298576567 0.018673443652651577
0 0.860384906913195 0.5222107221571954 0.03259494766329851 0.025150764185764986
0 0.36609723157007024 0.9165376644896988 0.032540396276527786 0.022807014185764984
1 0.6555214478507299 0.8229023586045688 0.015134690729444423 0.012931909012915455