0 0.9510451186299809 0.5625 0.038359504448624196 0.02109375
0 0.9526235701894054 0.3328125 0.041580004942915846 0.0234375
0 0.3934117603801234 0.04921875 0.03604758794672147 0.021875
0 0.9548638439154015 0.4453125 0.036765170950527094 0.0203125
0 0.9797501439159484 0.39375 0.04049971216810313 0.03359375
1 0.9743659190105418 0.40625 0.02397866946765248 0.01328125
0 0.5292536902650801 0.50703125 0.03548917243340188 0.02734375
0 0.6386870400747996 0.58515625 0.040671420950527094 0.0203125
0 0.48542543581645575 0.4859375 0.03239600593149898 0.028125
0 0.5035851868050389 0.490625 0.03658875741437377 0.03515625
1 0.6209265371090501 0.57109375 0.02716733646384668 0.01484375
1 0.5134376892764969 0.50234375 0.02908000494291585 0.0234375
1 0.9619295860067361 0.4078125 0.005133168973360825 0.0109375
1 0.6067685366147585 0.56875 0.0034751684790691683 0.00859375