0 0.18203125 0.128125 0.03359375 0.01484375
0 0.50859375 0.28359375 0.03125 0.021875
0 0.43359375 0.71328125 0.0296875 0.01875
0 0.77734375 0.665625 0.02734375 0.0171875
0 0.45546875 0.71640625 0.0140625 0.0171875
0 0.28671875 0.36328125 0.03203125 0.0234375
0 0.18359375 0.2171875 0.02890625 0.015625
0 0.87890625 0.17734375 0.02890625 0.02109375
0 0.43046875 0.7328125 0.028125 0.02421875
0 0.6203125 0.0375 0.02734375 0.015625
0 0.334375 0.36328125 0.02890625 0.0328125
1 0.99140625 0.2796875 0.01640625 0.0140625
1 0.4421875 0.7296875 0.02421875 0.01640625
1 0.528125 0.2796875 0.015625 0.01796875
1 0.1890625 0.134375 0.015625 0.009375