0 0.6036056172099309 0.45109185070022584 0.038754028685347205 0.02209547787409356
0 0.8947495616421882 0.9839390645657872 0.03926317496187508 0.03212187086842562
0 0.5970451862641323 0.3704047768789082 0.04351426386770836 0.02543880169541115
0 0.5752981260436462 0.4084120450758733 0.025291593939826384 0.04722175641014079
0 0.5942637187492016 0.2844308895753553 0.01617116707809032 0.05772260876750561
1 0.8819949885039243 0.9783436712117745 0.025418227298576568 0.01913314371369381
1 0.6040387622521877 0.3020550372179905 0.010538762917777689 0.05043664764263518
0 0.5840912445847571 0.38384869271850847 0.011756424011944589 0.06922303494618802
1 0.23600446238402834 0.6509226069054789 0.010429006933854179 0.012191784946188023
0 0.9440209033978132 0.8938274301031146 0.02560071846486096 0.060503006410140614
0 0.2510475809251394 0.6266503529765374 0.031614329122187534 0.05063785483856424