0 0.6979483355939347 0.31678054590895205 0.04152243668015991 0.03388700248119943
0 0.3939612777011615 0.5087156046336764 0.039997558231457384 0.049402840570540715
0 0.927484270126388 0.06409423180754413 0.052418993102595124 0.033615174730940355
0 0.42237288274411566 0.5128744117057711 0.0431258802577247 0.03474102708830529
0 0.4027088359326189 0.556080756205253 0.042999727498762755 0.04720463978475227
0 0.4417823812737776 0.6889638767595829 0.04267550090451113 0.026147277088305287
0 0.4408063794647553 0.640453602152477 0.03971095318850324 0.04393409057054054
0 0.9496591632744116 0.010703472448442674 0.04649986374938138 0.021406944896885348
0 0.42242154963657175 0.6632382847413003 0.04279833163720568 0.02849102708830529
0 0.897971589777806 0.2033044350745318 0.04678646879233526 0.030235463606069858
0 0.40695367989429665 0.6968513054194647 0.039509557326946165 0.02522047787409356
0 0.5667802227490644 0.32445611290584403 0.022973832541716987 0.05172731989237613
0 0.8434921296918979 0.19487765901968387 0.016515792627625103 0.06233733416039979
0 0.9318751990046318 0.10304756989688535 0.033249591248144125 0.06935146753501131
0 0.8783694979638351 0.33735410339533134 0.039263895861557076 0.020532977874093562
0 0.41482813489182224 0.7873307562052531 0.0309976944820761 0.026382717535011403