0 0.32230783381797606 0.3392415766231838 0.04948237041330898 0.04588521200668154
0 0.5235481469514968 0.4158115252625942 0.03926248789975162 0.03482953333863605
0 0.3217346203151131 0.10641998595641108 0.044767599336070066 0.041143168006045186
0 0.27716350546094903 0.36867508529600174 0.05098578307929138 0.035747143340226904
0 0.8739168273750686 0.6094042472151873 0.054183505951928626 0.04828350600731781
0 0.8279407311622563 0.4958690058880052 0.033157933645025395 0.059756808004454244
0 0.31959540339440445 0.14160350795672927 0.04323691559284874 0.04659373667249973
0 0.26052545130441873 0.3290222392982289 0.055664192720211766 0.034239187340863265
0 0.9180844630118837 0.5463860792091421 0.040339174569839285 0.085619874005409
0 0.903545240041051 0.5989025518778238 0.044872138465485635 0.059111918006045275
0 0.6988935805965223 0.4731502159055044 0.019186337235821683 0.07521817600254543
0 0.925487896853301 0.47598267254141485 0.04877838846548599 0.05915737133990877
0 0.2330993671918551 0.18089382196850146 0.03923976200205255 0.030923283338636143
0 0.2552243520665446 0.2236080332988652 0.026948840260883778 0.0667153326702726