0 0.5501695330537503 0.29989744521475686 0.01987674211621524 0.015184669236879245
0 0.5507338839274308 0.35772358198423204 0.015498366641249994 0.0283840986200282
0 0.5644495853904516 0.27541959659472864 0.019022756933854267 0.0120460324674041
0 0.59571711597566 0.24204798904624666 0.01235518284565984 0.027548301542127618
0 0.4716328378589936 0.6193662398570255 0.022475065254479176 0.02616307954530477
0 0.4663991707809032 0.5624031737044014 0.006904616641250172 0.02823409415580134
0 0.40691506800736155 0.5587520681845144 0.01922277868534721 0.020639782467404187
0 0.6958775040840626 0.07929679870604904 0.014771668028020813 0.030714211850553053
0 0.5923479942035076 0.7688832244357501 0.013518292553055566 0.04396818831160267
0 0.7257137405006946 0.25306553531336845 0.019840374525034753 0.013622169236879245
0 0.5778042237831947 0.3119201582831259 0.009284734232430657 0.02983750446422686
1 0.5421206437110767 0.2898775629095086 0.010429006933854268 0.01189602800317715
1 0.5629598205728128 0.27857187013367896 0.008702852773541636 0.00483750446422686
0 0.4564065749412157 0.5696117017075786 0.007649499050069508 0.02668523092527657
1 0.4626383911456255 0.5687213575517772 0.009702308320624908 0.014226141233702094
0 0.4666907647207297 0.6085105604738766 0.014717116641249995 0.02837046185055314
1 0.4744668971295491 0.606811692779125 0.00879377175149294 0.008743754464226861
1 0.17919337756225756 0.7479584387186398 0.01689721248093754 0.021380122158978665
0 0.049434448800660405 0.8143119159904684 0.011773954597152803 0.036128414772652204
1 0.041040720552153465 0.8230556704546952 0.011355727298576413 0.018159664772652205