1 0.220408139735795 0.9299765601724665 0.022861838441013037 0.02523759449948173
0 0.2400839697738511 0.9465476300648425 0.03845500494291585 0.025184090570540718
0 0.8923308551725648 0.72958299358535 0.04119534437251211 0.0541631151776464
0 0.578797526160273 0.2985661641824612 0.04081334239534584 0.0447881151776464
1 0.5870291788220114 0.3654818364322022 0.014250842395345843 0.043550946856846906
1 0.8722557771116751 0.7036005363894209 0.0075724194676524805 0.013608735731976296
0 0.5946798527382879 0.3313979348606256 0.0339094263877346 0.04758562944567011
0 0.2543480355146322 0.6349016546719485 0.02644709486680368 0.05581550641014079
1 0.2387084480622023 0.6537415459044429 0.01583058844101313 0.02491010876750561
0 0.9143915389746733 0.6492062888706203 0.040367673421985016 0.033850615177646405
0 0.6391355068829012 0.3929561730738013 0.022891013345872936 0.06422731989237614
0 0.5991498354380825 0.4137930578961549 0.03821492441056815 0.0384289532669877
1 0.6480330044114433 0.40511157071643644 0.016004343383928976 0.048311221463952767