0 0.43863243031251165 0.38636356582316 0.045768418320799496 0.027598976348645898
0 0.24486531368712314 0.39824205072118074 0.033670832712657715 0.0694591680280209
0 0.7620037336605525 0.777848429898959 0.042536410462916764 0.05873987357510409
0 0.36436448448912206 0.46735768626413227 0.05031036910658786 0.024583079122187535
0 0.21136576302516935 0.449749346124028 0.04456979135632881 0.03537510875746541
0 0.7427785446615885 0.7336983863959728 0.0529281009096227 0.04727569671336802
0 0.825576082088976 0.7855713173417715 0.0490218509096227 0.04718477773541672
0 0.21879942741702751 0.4920641326931598 0.04406036910658786 0.024437608757465413
0 0.4386239298982269 0.5369811616628476 0.045096330231458384 0.029924542553055565
0 0.6739878492524838 0.6642021975663894 0.042497869106587774 0.024401241166284747
0 0.7419951406088126 0.7001228201915631 0.05056508023145838 0.030051829122187533
0 0.710695944785423 0.7821170493900006 0.03893837551672874 0.04851088839274311