0 0.17578125 0.42421875 0.0421875 0.04921875
0 0.1234375 0.2734375 0.0390625 0.0328125
0 0.75078125 0.565625 0.05 0.03046875
0 0.12890625 0.29921875 0.053125 0.09375
0 0.2125 0.178125 0.04296875 0.04296875
0 0.7625 0.48984375 0.04453125 0.05546875
0 0.78984375 0.44921875 0.04609375 0.0640625
0 0.690625 0.4734375 0.028125 0.04921875
0 0.9125 0.61328125 0.0453125 0.02265625
0 0.1578125 0.396875 0.05234375 0.04296875
0 0.41796875 0.425 0.0390625 0.0375
0 0.75625 0.540625 0.040625 0.04921875
0 0.21953125 0.3875 0.0375 0.05078125
0 0.21015625 0.20859375 0.04375 0.04296875
0 0.5640625 0.44921875 0.0234375 0.05859375
0 0.9046875 0.57890625 0.04375 0.02890625
0 0.12109375 0.04765625 0.015625 0.03203125