0 0.17544421318218587 0.6300715093354908 0.04375601167848249 0.05464263555165907
0 0.19992137595602502 0.6116663827122854 0.03444920783841652 0.056822744317957155
0 0.2526659427282147 0.6513913559269241 0.03824179757185977 0.05298467816533296
0 0.7642840896669363 0.45095756453436164 0.04805706677218957 0.04144320616851012
0 0.1392543120868292 0.7026147110397742 0.04969377461060622 0.09769320616851011
0 0.7227390988381364 0.5275024736249712 0.04022183471887839 0.04052558847375849
0 0.23862983795107665 0.7868612516248531 0.03631558471887839 0.0404574046263825
0 0.7610059769722394 0.49947688515121264 0.05313937186589683 0.028257413554836398
0 0.4706286810497322 0.5936531737044014 0.04624451418576499 0.032822182629559826
0 0.2598887240027385 0.8458953323879739 0.042065479546028864 0.023378998782184014
0 0.8123518651354724 0.3836785612879508 0.04446906551854859 0.0523125223211343
0 0.9475535792420949 0.38288190016874635 0.03987249373179367 0.05535570170428326
0 0.8271478025199176 0.4623666229763481 0.02481579506457763 0.07461421631477982
0 0.9510362804165939 0.34139382955189534 0.027236101411925874 0.050450013392680584