0 0.7382498769469689 0.45371934133240044 0.026847307996701097 0.11814250494291585
0 0.4856490288337483 0.2314755627006695 0.028296147730144484 0.11429992193911023
0 0.39505718877110063 0.8508423280237087 0.027279217009616552 0.13298625494291585
0 0.6831746173800575 0.6838180182144267 0.025443932369880427 0.12354758794672147
0 0.9482255851810969 0.2368170483290324 0.03217966567683277 0.11367783942959626
0 0.914330306809567 0.30218472175101746 0.025702345143719895 0.10561067144481875
0 0.947963509237707 0.35309596433664364 0.029790451570210052 0.11201983893530469
0 0.6575919441813769 0.7316798566554397 0.026824575943389738 0.11736125494291585
0 0.14502036566419776 0.37957080038056085 0.03638143236988047 0.1239932569200823
1 0.37234711447706353 0.8267973329666246 0.02125052586424747 0.08670150395433254
0 0.14616636236549246 0.6620012984033945 0.03210310932948461 0.137864755931499
0 0.49600385563506794 0.27787306022921154 0.029517666930474286 0.1026448389353046
0 0.6424657346936078 0.929718108632606 0.029844275864247472 0.0870516724334017
1 0.1374913590002802 0.47741805136914406 0.02504311559769077 0.08295442144481875