0 0.5186291394395829 0.6310854457022875 0.027943815254479178 0.026895422433401706
0 0.8052751542572217 0.6458933395039583 0.03740973423243048 0.03118367441056815
0 0.6851081246219439 0.6347409807969902 0.01262793977951393 0.039540002471457926
0 0.651260454694062 0.6106840568807136 0.01106543977951393 0.039476335475263545
1 0.6954280287822565 0.6281235662722537 0.007649499050069508 0.026849001482874613
0 0.14500457580062426 0.8926862015966055 0.03094152868534721 0.021554006425790462
0 0.304310759880555 0.7005517342198503 0.037300631458888844 0.026496174410568153
0 0.6014981504574995 0.5312392960062986 0.014354093939826385 0.0466349194676523
0 0.32284124791270774 0.7779419051703773 0.03793641109416672 0.02027800790866543
0 0.7913769616279163 0.6046635030401116 0.029688153210381964 0.03477158942959626
0 0.2554316231033325 0.9863327253226017 0.021330139342673603 0.011015754448624192
0 0.28355727631371447 0.9538531477560035 0.01775119766329869 0.024919086958138336
1 0.2958079288585064 0.6962953157407811 0.017514808320625085 0.014762836958138337
0 0.6697370445498259 0.6567923943331435 0.015552918028020812 0.03107358646384668