0 0.49623229937140734 0.257508361458102 0.030705107336090796 0.021731604838564244
0 0.16231019068268107 0.11047296546809668 0.03382101666931803 0.021095904052775928
0 0.42010034476445013 0.7011363910276065 0.02693521733768165 0.0332684183207995
0 0.7810827507558595 0.6210078194826005 0.028352266669318026 0.02084119292790554
1 0.5172533240372255 0.25027590426217294 0.012618178668045488 0.010738446856846906
1 0.43260034476445003 0.7005541941707596 0.02207499466899989 0.018206344499482087
0 0.43246398476285924 0.6888354441707597 0.029896585335772486 0.019351467535011223
1 0.7936372947564958 0.6251131226257537 0.01809601933481808 0.011774407981717338
0 0.1656357326941351 0.19473880355743792 0.029124426002545344 0.020096330231458383
1 0.9906908240372256 0.22822519830909815 0.015761360001590674 0.012446496071058633
0 0.8793073340229081 0.12788705811006107 0.031540901336727246 0.026455492142117176
0 0.2649192120464524 0.3300341406133218 0.03232215133672707 0.026491879445670108
0 0.3196430747135433 0.33061202936461676 0.03232215133672715 0.026491879445670108
1 0.17022268801718102 0.11870284243256739 0.018114200668363535 0.013336907981717338
0 0.6088119260025453 0.000775778020445933 0.026026698002863568 0.001551556040891866