0 0.18891016651912212 0.7631101059269241 0.030080884102045014 0.11447160308425523
0 0.19670985807603442 0.1869976193196048 0.029163126209537184 0.11211421631477991
0 0.22211094745386867 0.08587545008272554 0.029845665672076117 0.12383296631477994
0 0.21222584015429313 0.7111930499205699 0.02778263673288093 0.11521194277582972
0 0.5691638978209219 0.4653627581209701 0.029473939349599475 0.13085057954530477
0 0.8188762005082276 0.519538194811015 0.03691471302712266 0.13800456047058135
1 0.23381501592618986 0.1395226014626973 0.020395070961982852 0.09557159862002824
0 0.3237057266048254 0.2979469817393507 0.02690267619541977 0.12690341923687926
1 0.5890899899707664 0.5118422918061902 0.017550792022787576 0.08693693831160268
0 0.7680607982726798 0.9364080949731708 0.029170831485326332 0.09884660308425523
0 0.09911337719775758 0.9246709431828666 0.058463489335481955 0.14618525324641068
0 0.3127362614409769 0.9552821948077199 0.07164675782192056 0.07773526217486477