0 0.04045208157719493 0.36796875 0.04214263555165918 0.0421875
1 0.29930315584749395 0.4875 0.015580135551659246 0.0421875
1 0.06139582711296807 0.3765625 0.019817622158978577 0.01640625
1 0.650198823052483 0.078125 0.01240058847375849 0.0390625
0 0.639588605519887 0.059375 0.016071059252765352 0.0703125
0 0.26191225000329527 0.48125 0.01672957832748878 0.06328125
1 0.24787702354224567 0.4796875 0.013331842937985349 0.04765625
0 0.3535212771956936 0.60390625 0.019881851866439072 0.06484375
0 0.35139748985702557 0.45703125 0.022938668019063257 0.0609375
0 0.04359862662650073 0.45625 0.03970342816533299 0.03671875
0 0.6601487471606262 0.22421875 0.031836381087432385 0.03359375
0 0.30169177029583477 0.5296875 0.019114238635914306 0.065625
1 0.6797890913164275 0.21796875 0.011155688311602675 0.0125