0 0.9265625 0.61171875 0.02265625 0.109375
0 0.23359375 0.33984375 0.02578125 0.13671875
0 0.9328125 0.484375 0.028125 0.10625
1 0.4609375 0.17421875 0.0140625 0.08125
0 0.7203125 0.05625 0.01796875 0.11015625
0 0.8890625 0.62109375 0.0203125 0.1
0 0.48125 0.15234375 0.02421875 0.11875
0 0.6484375 0.2125 0.0265625 0.10625
0 0.46171875 0.66640625 0.0296875 0.09921875
0 0.475 0.6265625 0.03359375 0.09140625
0 0.53203125 0.21328125 0.0421875 0.09375
0 0.55625 0.209375 0.0375 0.0921875
1 0.22421875 0.434375 0.01328125 0.05546875
0 0.13203125 0.5640625 0.0359375 0.109375