0 0.6859375 0.0421875 0.0375 0.02265625
0 0.1609375 0.134375 0.0328125 0.040625
0 0.75859375 0.43671875 0.02734375 0.0484375
0 0.45078125 0.66015625 0.0265625 0.040625
1 0.41640625 0.75 0.009375 0.04765625
1 0.43515625 0.6703125 0.015625 0.046875
1 0.7125 0.040625 0.015625 0.0140625
1 0.1796875 0.1578125 0.0078125 0.01953125
0 0.42265625 0.76953125 0.0125 0.05703125
1 0.775 0.41640625 0.00859375 0.00859375
0 0.425 0.625 0.034375 0.02109375
0 0.10625 0.2328125 0.01796875 0.05859375
0 0.4296875 0.69765625 0.03671875 0.02421875