0 0.23125 0.35 0.04140625 0.01875
0 0.24375 0.53671875 0.03984375 0.02734375
0 0.24453125 0.4890625 0.04453125 0.034375
0 0.275 0.521875 0.04375 0.02265625
0 0.26953125 0.34140625 0.0421875 0.03359375
0 0.75859375 0.64921875 0.03984375 0.02890625
0 0.25 0.37578125 0.03828125 0.01796875
0 0.43671875 0.63828125 0.01640625 0.04921875
0 0.86015625 0.83515625 0.0421875 0.0265625
0 0.73125 0.53828125 0.03984375 0.02109375
0 0.27109375 0.3796875 0.0265625 0.0515625
0 0.80078125 0.7234375 0.03125 0.04921875
0 0.8125 0.7609375 0.04765625 0.03359375
0 0.57578125 0.628125 0.03671875 0.040625
0 0.84453125 0.8078125 0.03671875 0.02421875