0 0.5801367740690423 0.48854158939341047 0.03854487933640893 0.02399306070710594
0 0.4189736494270866 0.6762747462869849 0.02856135200509069 0.038482146641955414
1 0.4322912620941775 0.6789359548171726 0.025935791335136217 0.014181551088459088
0 0.13158000071608864 0.3596155582600352 0.04008919800286348 0.022485124409436886
0 0.5602151727402693 0.5228446675237116 0.034602266669318024 0.020731651451278844
0 0.1565901860677696 0.4939533527250724 0.0377363573360908 0.021622028855940556
1 0.5709708594048148 0.5068377216073957 0.027507382001909164 0.015017364790789856
1 0.15262884472467914 0.4221874801297341 0.023601132001908987 0.014880955534962936
0 0.6669164220241808 0.15490814465822084 0.034602266669318024 0.020731651451278844
0 0.15325555338954286 0.40887894827856874 0.04091590133672711 0.026418656260602268
0 0.12705777474536 0.5754860949205242 0.03694601666931807 0.020813497004775174
0 0.6058998427354968 0.4860787883049514 0.025972154002227122 0.017306551088459087
1 0.7925238546705907 0.00392355849170333 0.020457950668363624 0.00784711698340666