0 0.3515625 0.4015625 0.03984375 0.01953125
0 0.8734375 0.83125 0.0203125 0.05546875
0 0.3578125 0.284375 0.03046875 0.0359375
0 0.3328125 0.3828125 0.0359375 0.0203125
0 0.34609375 0.3109375 0.02890625 0.0421875
0 0.8421875 0.7375 0.0375 0.0421875
0 0.7859375 0.75859375 0.01875 0.05390625
0 0.73359375 0.77890625 0.0390625 0.0453125
0 0.3265625 0.328125 0.03046875 0.03984375
0 0.73125 0.96875 0.0296875 0.04765625
0 0.4859375 0.63515625 0.0125 0.0546875
0 0.3578125 0.42578125 0.03515625 0.028125
0 0.56171875 0.72265625 0.0296875 0.053125
0 0.33359375 0.409375 0.03359375 0.01953125
0 0.778125 0.9421875 0.03203125 0.02890625
0 0.809375 0.553125 0.01953125 0.06171875