0 0.29314562256272036 0.3234375 0.03276763555165925 0.0421875
0 0.8843407816500346 0.8484375 0.021444351866438893 0.06484375
0 0.32674332670263573 0.27890625 0.031945475243233726 0.03984375
0 0.31389845332584115 0.30390625 0.029642635551659247 0.0421875
0 0.8482339119266881 0.74921875 0.03597445616851012 0.046875
0 0.3035024699649326 0.3796875 0.03864944277582953 0.02109375
0 0.32259338920181185 0.39921875 0.041747169236879246 0.01953125
0 0.7374288254815244 0.8015625 0.04226536647693564 0.04921875
0 0.7892816517804182 0.7734375 0.019032418019063257 0.0609375
0 0.738262442769239 0.98359375 0.031822744317957154 0.0328125
0 0.30322578043551396 0.40859375 0.03394830600635448 0.0203125
0 0.3292934025944925 0.425 0.03727785754848192 0.03203125
0 0.7879624338407852 0.96640625 0.03563353693163087 0.02734375
0 0.5574589074624612 0.740625 0.03755059293798553 0.04765625
0 0.4660878392812421 0.653125 0.015057984171687444 0.05703125
0 0.8072156254020942 0.54765625 0.019909125405389715 0.06640625