0 0.20630310224399645 0.3092870454530476 0.027159360684134538 0.13006932954530476
0 0.4581388107606842 0.11510421752930063 0.029248442699356936 0.12386023985373029
1 0.4352133053234767 0.14050363798399584 0.016528266805913995 0.07991932508107791
0 0.8614721274156864 0.5967004598153676 0.02279285425834381 0.09954603246740419
0 0.43783169756791074 0.651850241068251 0.024210774220287768 0.11518466923687924
0 0.8994350424347143 0.605181161519651 0.028739106729801733 0.1113602398537303
0 0.9173003161607106 0.49291298660072885 0.028707273231704633 0.1105789898537303
0 0.45814153897467325 0.613896273535655 0.02610885524692712 0.10428807954530477
0 0.6693853754757011 0.20713557913497235 0.04238777125453837 0.10144945170428335
0 0.11012980330912932 0.5398046140413036 0.03577035672980182 0.11148297077900686
0 0.5851668843729497 0.16344803449270368 0.05118976828878878 0.0875505929379854
0 0.6098167158938805 0.1724781611159091 0.04709251730020547 0.08279490909060953