0 0.4791752498884584 0.6328570737843139 0.01775074400710608 0.055987105172143184
0 0.5030288297166419 0.6538590545470202 0.0176688568519765 0.05442460517214318
0 0.4529569086403141 0.7016169974681112 0.013680719696846566 0.05272569591631608
0 0.43317667514865754 0.6921700755984125 0.014666687584671045 0.05665922776748147
0 0.4884407072608331 0.694139314165667 0.016682888964152022 0.05049107332097762
0 0.5578136635015541 0.3524949619887488 0.02634449400710608 0.056287205534962845
0 0.4796023750578005 0.5205480467424719 0.01931324400710608 0.05604166887447413
0 0.47017870816534424 0.6706026104448026 0.015243219696846565 0.05278025961864685
0 0.4637250695398765 0.49614824746811126 0.014380082541716988 0.051190477767481465
0 0.4930573654468621 0.5614086597191633 0.019149469696846742 0.052916668874474125
0 0.6873251803485818 0.1132464343139346 0.044934041723114146 0.03900050181409851
0 0.5570534249215149 0.2628421849469068 0.018818599050060315 0.061483137023308564
0 0.5296532004749699 0.01445495050378286 0.0353133802577247 0.02890990100756572