0 0.05119339990454984 0.7058904350700226 0.03785453600413617 0.03221534057054072
0 0.08692126722632311 0.7927568883370102 0.026563047342454137 0.06838828101724666
1 0.10130194056336839 0.766068109800963 0.01050169533736347 0.030160534946188023
1 0.3476347846117298 0.4210981739023708 0.012255099339590635 0.04663955955329389
0 0.3762501332750027 0.4474445041338292 0.016361344008590527 0.06400899607105863
0 0.35492966394813874 0.3987694096343472 0.017106231341499623 0.060920383374611475
0 0.39271147461809314 0.37629725020488775 0.035565330004772466 0.03679367865988183
0 0.4117705572883657 0.35060804549015806 0.037227827339272504 0.04546020326698761
1 0.4183745459500477 0.3876542812221344 0.02453692333704538 0.02847175641014079
0 0.7088700872454131 0.6810234073580356 0.022538618674408716 0.058050094499482084
1 0.7210519139083679 0.7089493542148825 0.010510786004136108 0.030941784946188024
0 0.6901900758673243 0.9981460078044062 0.036237492003499835 0.00370798439118758