0 0.328125 0.31640625 0.0296875 0.03984375
0 0.87421875 0.809375 0.01875 0.06015625
0 0.3609375 0.275 0.02890625 0.0375
0 0.34765625 0.29921875 0.02734375 0.03984375
0 0.8421875 0.71640625 0.03359375 0.04375
0 0.3375 0.36953125 0.0359375 0.01953125
0 0.3546875 0.3875 0.0390625 0.01796875
0 0.7375 0.765625 0.0390625 0.04609375
0 0.78671875 0.7390625 0.0171875 0.0578125
0 0.73515625 0.94453125 0.0296875 0.04765625
0 0.33671875 0.396875 0.03125 0.01875
0 0.3609375 0.4125 0.034375 0.0296875
0 0.78203125 0.9203125 0.03359375 0.025
0 0.56953125 0.7078125 0.034375 0.04453125
0 0.48515625 0.62578125 0.01328125 0.05390625
0 0.80703125 0.52734375 0.0171875 0.0625