0 0.5025944572724573 0.4336616653476287 0.031495448002863566 0.022003032132453627
1 0.8423307612985471 0.2316539183171295 0.018114200668363622 0.013022837226160799
1 0.5036735099061407 0.676516755081072 0.019095445337363515 0.030233069279472245
0 0.5180178205760951 0.6518888281214678 0.024682374005408826 0.040548443652651575
1 0.5320257765754588 0.6561671511618636 0.01756021733768165 0.03253135517284953
0 0.1662365972310956 0.7480330200582597 0.029124426002545344 0.019591085972519552
1 0.15593489656273204 0.7608285367513071 0.02048522266868171 0.015434783386094964
0 0.710779674610139 0.395583689166812 0.02988749466899989 0.01805131802583091
0 0.8159767992918656 0.28162282607640376 0.03068692600254508 0.01963655007914227
0 0.7663035159532294 0.3221174454350182 0.03156817333704538 0.028253032132453625
0 0.8533773492998197 0.22196066957077076 0.03538351666931803 0.02055419239901033
0 0.0654677219525931 0.3471955972552907 0.03155908267027256 0.027471782132453625
0 0.35252501599300035 0.04128761190327406 0.026081242003499837 0.02653140775927424
1 0.48466206993954825 0.43105950257378944 0.018141472668681758 0.015366587226160888
0 0.5453161172422314 0.6549994562555709 0.023846580004772376 0.03583821159934022