0 0.8703361547580867 0.7136090831224333 0.04134316267504516 0.06361088978475245
0 0.21886291939845157 0.48962123386994955 0.04968237400540883 0.042136150123834426
0 0.9125605647676316 0.7858501102107385 0.052017580681090435 0.10861517473094047
0 0.227348128739633 0.5477976069054789 0.05824885200509069 0.040192660462916766
0 0.8419838880887685 0.6927678901945279 0.03428464067472703 0.060939654052775974
0 0.017145330720861142 0.39980094685684686 0.025854522676635905 0.07460189371369372
0 0.5362424180855869 0.6551029545053327 0.045576129336408935 0.024766713606069857
0 0.2636674367440873 0.5822839228689135 0.03959884933959064 0.047913115177646404
0 0.7808014874283592 0.7359870432138464 0.04206986867440872 0.058959777088305285
0 0.7777417641231307 0.942763582088976 0.048755673337045204 0.029599762820281584
0 0.42421458541531437 0.6233370700972639 0.01884145401018138 0.07583690798171752
0 0.804258263446813 0.8729433877133286 0.03889941534054522 0.05490797787409356
0 0.15465442138763388 0.40698636228216234 0.04922838800922689 0.07022476282028159
0 0.1532651913987697 0.48890845037150343 0.02442838267822678 0.08624786910658777
0 0.007869780712906964 0.34080693651776467 0.008503390674726902 0.059738873035529313