0 0.5512230355146321 0.6420090061600858 0.03952275642579064 0.03180556070710594
0 0.5596469836511966 0.4928721017135821 0.04405108893530461 0.028063001814098598
0 0.6283532212939068 0.553948500169636 0.04786183844101295 0.025855661069925696
0 0.7566546348300601 0.5732937556119315 0.04046317391627667 0.035739092558271325
0 0.7536861437273087 0.530942564504939 0.044768671939110403 0.026527783665263982
0 0.3506141763505535 0.36195937449425486 0.0380875904181794 0.03487599700477517
0 0.7259484628909499 0.5972570452676453 0.021855095361095245 0.05771329627913566
0 0.24236527764314783 0.27290181977759864 0.044797846843970035 0.06553571996293303
0 0.18663920106513285 0.2388789946425224 0.04215300790866543 0.03891865626060227
0 0.6979507968833387 0.59314989862569 0.017980678859192523 0.05835813702330857
0 0.9249165676064044 0.8983731450823109 0.030084089429596263 0.02991567849312098
0 0.28754778505752165 0.23927335344286266 0.01911209733826169 0.06697916887447394