0 0.24296875 0.490625 0.04453125 0.03515625
0 0.2703125 0.52265625 0.04375 0.021875
0 0.265625 0.34375 0.04140625 0.03359375
0 0.240625 0.5375 0.040625 0.03203125
0 0.2484375 0.3765625 0.0421875 0.01796875
0 0.7296875 0.5390625 0.03515625 0.01875
0 0.26796875 0.38828125 0.02734375 0.04921875
0 0.228125 0.35078125 0.03984375 0.01875
0 0.5671875 0.62265625 0.03828125 0.034375
0 0.8390625 0.8078125 0.03828125 0.02890625
0 0.8546875 0.83828125 0.04296875 0.02734375
0 0.75859375 0.65 0.03984375 0.0296875
0 0.43515625 0.64453125 0.01953125 0.05703125
0 0.80703125 0.76796875 0.046875 0.02578125
0 0.803125 0.728125 0.03046875 0.05234375