0 0.19375 0.2859375 0.0265625 0.06640625
0 0.18828125 0.25078125 0.04140625 0.0484375
0 0.32265625 0.3 0.04453125 0.03671875
0 0.77578125 0.5109375 0.05546875 0.0328125
0 0.278125 0.20390625 0.0171875 0.0671875
0 0.22421875 0.31171875 0.02734375 0.0625
0 0.7765625 0.4671875 0.05 0.02734375
0 0.25625 0.3234375 0.03125 0.059375
0 0.334375 0.14296875 0.03828125 0.028125
0 0.88984375 0.68671875 0.04921875 0.04765625
0 0.79609375 0.5578125 0.04140625 0.03828125
0 0.6375 0.45625 0.04375 0.034375
0 0.55 0.4203125 0.0359375 0.03359375
0 0.83203125 0.58671875 0.04375 0.03046875
0 0.96953125 0.675 0.0296875 0.0609375