0 0.8292992142838894 0.6017367873320774 0.03288588839274311 0.03727785754848192
0 0.40160931895729207 0.5458536111986347 0.028870535619201478 0.032522173701106105
0 0.6748604085287155 0.3077531879012703 0.030360300436840328 0.029424447240056394
0 0.601435972736355 0.9780735961811009 0.034048344889756874 0.020117631087432385
0 0.694355944147917 0.34011172036867443 0.03188643284565984 0.027889220779006862
0 0.6748065103523266 0.3389895511317952 0.02698072729857639 0.018432400162155815
1 0.6608706437110767 0.31063272605071723 0.023892094889756875 0.01994035308425506
1 0.15852112091274384 0.9391051846581547 0.019040940729444466 0.012827282467404189
0 0.7926538526766325 0.6378009723972694 0.03192280043684033 0.029451720779006863
1 0.385457642095556 0.5565047390396561 0.013590374525034754 0.013513075081077908
1 0.5813598620790286 0.9878752901747465 0.0190409407294446 0.012827282467404189