0 0.53515625 0.5515625 0.02734375 0.03125
1 0.5328125 0.52109375 0.02109375 0.01875
0 0.5171875 0.51875 0.02890625 0.021875
1 0.5234375 0.5578125 0.02109375 0.02265625
0 0.55390625 0.56484375 0.0171875 0.0265625
0 0.91484375 0.796875 0.02734375 0.021875
1 0.92734375 0.81796875 0.02109375 0.015625
0 0.1890625 0.37265625 0.02890625 0.01953125
0 0.21484375 0.3109375 0.03125 0.02265625
0 0.25625 0.4578125 0.02890625 0.01875
0 0.65703125 0.0671875 0.028125 0.0171875
1 0.1546875 0.33984375 0.01875 0.0140625
0 0.5125 0.56171875 0.028125 0.0296875
0 0.15859375 0.3296875 0.034375 0.02109375