0 0.13506413069638962 0.8740989336222805 0.024255770801562538 0.03624786910658777
1 0.14761868208316045 0.8770248804791272 0.01146483007211807 0.02316567224974122
0 0.44002242799909785 0.7993366439185815 0.03731881525447918 0.02749145326698752
0 0.5124059210652436 0.7910019131490038 0.01722452080156245 0.035920383374611474
0 0.5523217530372229 0.7624253029337561 0.02465516109416672 0.019878006410140793
1 0.5115337520872923 0.7870592758454509 0.011392094889756876 0.020040672249741043
0 0.806170838808924 0.6376779758026696 0.017733013867708536 0.02423802067816432
0 0.6195241707809032 0.5985490475570726 0.006922800436840149 0.029197348428423454
0 0.3834236698309727 0.6140861945805354 0.016860844889756966 0.020295383374611474
0 0.3574969494662505 0.6066354135632887 0.014426175911805571 0.016279971463952592
0 0.29092573888517403 0.5293965173683957 0.017569359707395905 0.01720677067816432
0 0.2929785481557296 0.5170056792790543 0.015152874525034754 0.013972608767505612
0 0.16276502450437547 0.5554238622821623 0.012954594889756966 0.020113446856846906
0 0.05722419253239632 0.580943938998964 0.019876742116215283 0.015753432588823203