0 0.57421875 0.50859375 0.03828125 0.02265625
0 0.4109375 0.690625 0.028125 0.0375
1 0.42421875 0.69375 0.02578125 0.01328125
0 0.12734375 0.3640625 0.03984375 0.02109375
0 0.55390625 0.5421875 0.034375 0.01953125
0 0.15078125 0.49921875 0.0375 0.0203125
1 0.56484375 0.5265625 0.02734375 0.0140625
1 0.14765625 0.42734375 0.0234375 0.0140625
0 0.66484375 0.178125 0.034375 0.01953125
0 0.1484375 0.4140625 0.040625 0.025
0 0.1203125 0.5796875 0.03671875 0.01953125
0 0.7796875 0.015625 0.0359375 0.01875
0 0.6 0.50703125 0.02578125 0.01640625
1 0.7921875 0.02890625 0.0203125 0.0125