0 0.271875 0.490625 0.0109375 0.06328125
0 0.040625 0.28125 0.03984375 0.04375
1 0.0625 0.30234375 0.00625 0.01796875
0 0.65 0.2765625 0.03125 0.04296875
1 0.30859375 0.503125 0.00703125 0.03359375
1 0.66171875 0.09296875 0.0109375 0.034375
0 0.6484375 0.06015625 0.01953125 0.059375
0 0.3109375 0.5515625 0.01171875 0.06328125
1 0.6703125 0.26015625 0.00859375 0.01171875
1 0.2609375 0.484375 0.00703125 0.04921875
0 0.0328125 0.371875 0.034375 0.04453125
0 0.33828125 0.49375 0.02265625 0.0578125
0 0.34921875 0.61484375 0.0359375 0.04765625