0 0.5921875 0.50234375 0.03671875 0.025
0 0.61640625 0.49765625 0.0265625 0.01875
1 0.8125 0.02109375 0.021875 0.01328125
0 0.80078125 0.00703125 0.03984375 0.0140625
0 0.14453125 0.35546875 0.0390625 0.01953125
1 0.1609375 0.42265625 0.0234375 0.01328125
0 0.684375 0.159375 0.03359375 0.021875
0 0.1640625 0.4875 0.03671875 0.0203125
0 0.16015625 0.40859375 0.040625 0.025
0 0.14140625 0.57265625 0.0375 0.0203125
0 0.5703125 0.53359375 0.03515625 0.021875
1 0.5828125 0.51875 0.02578125 0.01484375
1 0.446875 0.67890625 0.0265625 0.01640625
0 0.4296875 0.68828125 0.03671875 0.01875