0 0.51484375 0.1890625 0.021875 0.01484375
0 0.9671875 0.834375 0.02578125 0.0390625
0 0.6203125 0.2375 0.021875 0.02578125
0 0.57265625 0.43359375 0.01484375 0.02890625
0 0.4640625 0.13125 0.028125 0.0234375
0 0.4953125 0.1640625 0.025 0.015625
0 0.5625 0.5765625 0.02890625 0.01484375
0 0.3328125 0.0328125 0.0234375 0.0171875
0 0.86015625 0.6734375 0.02421875 0.028125
1 0.45625 0.15390625 0.0125 0.00625
1 0.5125 0.18046875 0.0140625 0.01328125
0 0.58671875 0.43203125 0.01328125 0.03125
1 0.58125 0.43203125 0.01171875 0.015625
0 0.565625 0.56796875 0.025 0.01328125
0 0.4828125 0.75078125 0.01796875 0.05