0 0.26764502821180153 0.5360668467930723 0.04386008794672147 0.023125262932123646
0 0.4709238785158127 0.6223550024407755 0.031964924410568155 0.03760530007914227
0 0.7831983854358949 0.6642148596586891 0.0432380054372075 0.02700878087881229
0 0.6316677189339921 0.6605860913162889 0.041212590418179394 0.03475308471887839
0 0.2996935242574688 0.5182715930321485 0.04626750494291585 0.024755959092057724
0 0.2894869002274615 0.3252346468722146 0.04114892342198502 0.03319058471887839
0 0.24278565517037737 0.34728549162022276 0.041580004942915846 0.02461956677218975
0 0.263263934333581 0.4859986506331383 0.04554992193911023 0.026295727038746365
0 0.7791236976794538 0.5642148596586891 0.04452859140676253 0.03953151293212365
0 0.9132081734963471 0.8482525420285695 0.035552839429596264 0.02990646034569906
0 0.7591361443331435 0.7056522018994148 0.03437234140676253 0.039235996239076344
0 0.26646057710948756 0.37294472116625166 0.03995383794672147 0.02301160266556703
0 0.9027190010629452 0.8206360073888334 0.042838757414373776 0.03636104882550093
0 0.8555137372227808 0.7537152803500871 0.03561384783255335 0.06970474623907634