0 0.3463700872454131 0.6579538701500373 0.039353401336727066 0.026136602665567034
0 0.41149619525782166 0.5684116485215671 0.0304329346753633 0.0649263180258309
0 0.3728240465865946 0.6008915279093114 0.04642101400381797 0.02946619114536908
0 0.4072723192632305 0.5284315062016992 0.022638616008908662 0.06626149749271767
0 0.3453166645846856 0.6141584060434145 0.03968975600731781 0.055042852665567035
0 0.36538481126673034 0.5014227253228867 0.04635737933640893 0.02399744114536908
0 0.3881950552594125 0.5560109369222269 0.02407384667409058 0.055369461599340045
0 0.35977006325591265 0.5809738330030187 0.047202264003817974 0.02948892319868044
0 0.29572246053473333 0.9760292827426476 0.04362327800763595 0.047941434514704895
0 0.357644489258458 0.5621556368430847 0.04248749200349984 0.02700878087881229
0 0.3706535665977304 0.5187693496960661 0.04562158267027261 0.027880959092057723
0 0.4056423531986425 0.9983272444409156 0.017360222668681757 0.003345511118168787