0 0.32578125 0.69375 0.028125 0.02421875
0 0.5875 0.49453125 0.02578125 0.02578125
1 0.3390625 0.68828125 0.02109375 0.01328125
1 0.42421875 0.09375 0.01796875 0.01171875
0 0.30625 0.6609375 0.02890625 0.025
0 0.0234375 0.025 0.03203125 0.02421875
1 0.60390625 0.48515625 0.01015625 0.01015625
1 0.03046875 0.03671875 0.01953125 0.01328125
0 0.40703125 0.10234375 0.0296875 0.01640625
0 0.684375 0.0171875 0.03203125 0.02421875
1 0.81640625 0.12734375 0.0171875 0.01015625
0 0.190625 0.42109375 0.02890625 0.03125
0 0.228125 0.3953125 0.02890625 0.0234375
0 0.01875 0.1203125 0.03046875 0.0171875
0 0.325 0.66484375 0.0265625 0.01953125