0 0.3693044414298583 0.28381768817586817 0.031533283016686744 0.021199050079142266
0 0.0845300559722092 0.8803587529029938 0.03609795228399215 0.01899169239901042
1 0.4005920629811558 0.2690792382550105 0.02335229081860284 0.013940479546028861
0 0.3921244657401178 0.2813519177218971 0.014758540818602839 0.013690426959604096
0 0.7042283180695386 0.3577231672596787 0.028984815128862352 0.017224603919208194
0 0.44679211782171124 0.7461478551063425 0.031205734396167806 0.014949050079142268
1 0.4600357462704137 0.7621820320659467 0.02277575870642714 0.01782399749271768
0 0.7785190733850638 0.8661243521368416 0.0333414444820761 0.025932014185764983
0 0.27743236544686206 0.5886439290046682 0.030339275214770645 0.02818483597251955
0 0.23249167967121326 0.5951607019659217 0.03260113805964089 0.026690532132453627
0 0.0954443017883377 0.7766116272761733 0.029847952283992153 0.01880983597251955
1 0.9100357462704138 0.7752756947732788 0.017965427973732774 0.01534385517284953
0 0.3885424423343694 0.2601217754020291 0.031451395861556986 0.01963655007914227
0 0.516175124380432 0.9963681779655094 0.025447057326946167 0.007263644068981279