0 0.180186714724065 0.933833382755439 0.024492066937884704 0.06582620719592924
0 0.20222548903432447 0.9296895382559569 0.03436503392119796 0.04602312944567011
0 0.24549629070706125 0.6245097326316044 0.020626760515449583 0.06642552067816432
0 0.21487929726578195 0.8815602533097688 0.024205461894930558 0.06035745719592924
0 0.2039584073971187 0.9561064890417452 0.033379066033373574 0.042080492142117266
0 0.1765770358458212 0.9729686573625449 0.017344630257724793 0.033540246071058634
0 0.2562313155831476 0.8211835254356753 0.017791687584671045 0.05694135876750579
0 0.23135854760446622 0.6563419294884513 0.017129946291098364 0.07405608416039974
0 0.23485428256646085 0.8424420953280514 0.01828301051544958 0.06631635876750579
0 0.271654835482393 0.28895322229252224 0.041976138059640886 0.027673389784752266
0 0.44038714608869967 0.3855263536002191 0.030578292627625105 0.06299230562435251
0 0.22258889869069143 0.972384306452922 0.01093085594746528 0.030124147642635178