0 0.5142736263279867 0.5942587461725692 0.018478549486909655 0.05596885517284953
0 0.5712321411456255 0.5927931860642971 0.022384799486909655 0.05608251543940632
0 0.5332054642838894 0.6026168154520415 0.01851491707809032 0.05753135517284953
0 0.5750623899113545 0.4219267565974105 0.013082534669270984 0.05893473079967002
0 0.5503728208571532 0.501622616784825 0.020222887442812622 0.06382681927947224
0 0.5478121717308337 0.5593214565182683 0.02476491707809032 0.05771321159934022
0 0.5860206865484727 0.557310327130524 0.022512086056041623 0.061551265439406325
0 0.5477718848773614 0.3563328488381363 0.01987739532659738 0.04898306927947216
0 0.6361407878034029 0.1949527311288745 0.020677482332569497 0.08335806927947216
0 0.6506364328456598 0.046256818355035347 0.029397865691319504 0.05550585391920826
0 0.5630338621759379 0.3747335078510518 0.015644490216354258 0.06837792695960418