0 0.5777071820406761 0.5183358931833943 0.03744617570596294 0.02628224700477517
0 0.6017895397208081 0.5238691305695227 0.027108069279472246 0.01967758293962447
0 0.12577730601814402 0.6495783924656042 0.039630801332783516 0.020895342558271322
1 0.14413851260291932 0.5829638113400781 0.023823944906292784 0.014099705534962936
0 0.6599153106369975 0.864523901620915 0.034230247492717504 0.023048119600113638
0 0.1491502730277606 0.5182291887447399 0.03730978338609488 0.02159474700477517
0 0.14294808564331518 0.5969990294889127 0.04135242570596294 0.026418656260602268
0 0.1289718168386967 0.43228176506094246 0.038091033386094875 0.021622028855940556
0 0.5567414641731296 0.48632200135076237 0.035792747492717505 0.023102683302444228
1 0.5688095551602143 0.5016022609694092 0.026213159012915453 0.01574405108845909
1 0.43753212608903896 0.33669896886662476 0.02703987311953817 0.01733383293962456
0 0.4206174107287751 0.32672376814098536 0.03726431927947225 0.020032247004775173