0 0.9071830297789015 0.48802678295684104 0.030130609800962917 0.11073813145888885
0 0.907407699961728 0.6679143047083341 0.03202059553293921 0.1178057490500695
0 0.14816747891206 0.8152652433504862 0.027825401157291818 0.14502221248093755
0 0.9452245312266436 0.5444410903275355 0.02967684553293921 0.1177511976632987
0 0.019676567620573765 0.5682603439398264 0.03018626778268031 0.12868869766329852
0 0.4369837682014743 0.9728606809215714 0.025676396194893057 0.054278638156857184
1 0.41767084202279187 0.9680049808123613 0.015956793837528238 0.06399003837527743
0 0.5543724753974033 0.9528399381639933 0.04252144789030421 0.09432012367201352
0 0.4514701073242728 0.8856745412218754 0.028550993175574392 0.12708983007211785
0 0.3557318457423363 0.4392151556789239 0.04444782092583344 0.11653418977951394
0 0.4684713627009563 0.9511131307932988 0.03321922249741007 0.09777373841340235
0 0.3865644687778656 0.4321118237069448 0.035507314515692556 0.09213360182361115