0 0.51015625 0.81484375 0.0328125 0.03828125
0 0.56328125 0.49375 0.0296875 0.05234375
0 0.515625 0.29375 0.02265625 0.04609375
0 0.55546875 0.5671875 0.01796875 0.0578125
0 0.66328125 0.71640625 0.03828125 0.03515625
0 0.4984375 0.33671875 0.0203125 0.0515625
0 0.4625 0.175 0.0125 0.053125
0 0.51640625 0.17109375 0.0171875 0.0421875
0 0.53046875 0.2125 0.01953125 0.046875
0 0.48359375 0.16796875 0.0109375 0.053125
0 0.48203125 0.36015625 0.0140625 0.0421875
0 0.50625 0.228125 0.01171875 0.05390625
0 0.4984375 0.1953125 0.0125 0.0515625