0 0.24066276704942385 0.5811465026322786 0.031014220779006774 0.03142726200205246
0 0.2655985373419633 0.6297339935570923 0.029342626623205435 0.025168171642972935
0 0.035102919243469824 0.9432687318496275 0.03155000892845374 0.017369307181592575
0 0.45243074107813686 0.9824191529034252 0.031686376623205524 0.025181807181592575
0 0.37721174188562046 0.3678566831540461 0.0268897824674041 0.018904536104353477
0 0.3626680008140742 0.3505828247427898 0.030082966314779913 0.022828966822512696
0 0.3749594951320313 0.3178385024358869 0.029424447240056485 0.029855671642972936
0 0.6234752670494238 0.583373640606785 0.026353994317956975 0.032962490924813716
1 0.3842117642067548 0.32492429459036465 0.022215919236879246 0.019658515027114642
1 0.8561421221655692 0.9511707155459664 0.016638075081078084 0.013376698770336048
1 0.6389229890462467 0.5936207941975812 0.013526711850553142 0.014139768052176826
1 0.4694409630749596 0.992675396853301 0.019722164772652383 0.011051129488495093