1 0.6734375 0.1890625 0.0109375 0.009375
0 0.68828125 0.06328125 0.0171875 0.01796875
0 0.25 0.31484375 0.01640625 0.034375
0 0.2375 0.29375 0.028125 0.03203125
0 0.5015625 0.2953125 0.02421875 0.01875
0 0.3515625 0.303125 0.0109375 0.03125
0 0.6625 0.190625 0.03046875 0.01171875
0 0.321875 0.2671875 0.015625 0.01796875
0 0.40234375 0.3671875 0.009375 0.0390625
0 0.3234375 0.290625 0.01015625 0.0265625
0 0.67109375 0.25234375 0.02421875 0.01484375
0 0.71796875 0.0359375 0.01796875 0.01796875
0 0.80703125 0.1 0.02265625 0.015625
1 0.31328125 0.29375 0.0109375 0.01796875