0 0.8142380639357029 0.533648327330045 0.04683554757185959 0.053662209092057725
0 0.865046743006878 0.6921906015449398 0.04240646034569906 0.03557979882550111
0 0.20922761817148022 0.40137932891289063 0.05405701418576499 0.03357702962517113
0 0.8603736148727748 0.6650059759181192 0.059159702823851745 0.10163670783841638
0 0.7675603260764038 0.796503679995612 0.04743494114536908 0.04743494114536908
0 0.1943634846271008 0.4829930417658721 0.049383886051661864 0.0607616552519918
0 0.16420697169497708 0.5268028777383916 0.05117370658477531 0.06861961935861452
0 0.2696446294542513 0.49797553259467203 0.03121054757185977 0.05320756802583091
0 0.03880746958340602 0.35638038064138555 0.04836094365265157 0.025605405251991797
0 0.8321469779631834 0.5620090080505727 0.056809941145369434 0.04770772578510503
0 0.5572295459890142 0.540345922869476 0.04256558471887839 0.04104854882550093
0 0.2021819963055833 0.4289049353393814 0.04449179757185977 0.053594012932123646
0 0.7662264612701358 0.5740747505287255 0.041412261678482665 0.055065584718878215
0 0.7708360902621687 0.764404233835678 0.04743494114536908 0.04743494114536908
0 0.4024882216949771 0.5198696014784329 0.026818564264907252 0.06322742570596276
0 0.04557429513108436 0.39209056010827215 0.047761550079142276 0.03183267319868044
0 0.8604344846936078 0.9311849053850058 0.018164978292387703 0.03409385517284953