0 0.6021038856509231 0.3442202370159888 0.04164384449948209 0.022111349336070063
0 0.6138675233687608 0.49432932132494417 0.03294308664159917 0.05330226200205246
0 0.5895867690255345 0.32773671896381207 0.04164384449948209 0.022111349336070063
0 0.5896851606723137 0.49340717075921015 0.038829213606069855 0.045526123438370904
0 0.5851132847413003 0.3902276286047324 0.04502355562435252 0.027598280054229284
0 0.07999967576890687 0.7991192769309713 0.045986742142117135 0.031509075233769224
0 0.4229556172490702 0.7174981348512484 0.021224336641599173 0.053234084308955334
0 0.6050040996712778 0.4497344388113869 0.04206337551672874 0.0478880541565303
0 0.6175854904894873 0.31383330024770534 0.03940925641014079 0.024441463797450602
0 0.13382465074751626 0.6501732377033599 0.03946491439185813 0.04240566861791084
0 0.3185613697302696 0.6770362404338344 0.041881438998963995 0.0439818041565303
0 0.06881811911109706 0.9217437106741926 0.051819365177646425 0.03935339149054755
0 0.043075410467425926 0.8872096293902993 0.026566808105551877 0.06732385538619426
0 0.6226604423087329 0.2216503454272452 0.03021619292790554 0.028293171642972938
0 0.04882879673752155 0.9817999667243168 0.043606604838564225 0.03071418969514994
0 0.1361940177871895 0.8174198250373774 0.01868153349844599 0.06571590359079629