0 0.41149069368910657 0.6559532920512249 0.02955470318850324 0.04250567333704538
0 0.40412084972742884 0.5153282920512249 0.028814396766068208 0.04327783267027243
0 0.3935075763216805 0.536285682049634 0.03239309814554918 0.037073286004136105
0 0.39740053821661114 0.5956697727164068 0.039304839439121865 0.01997669267186346
0 0.40117731343138174 0.6230407947167249 0.034654960990419426 0.03553805800445424
0 0.3915500079134578 0.6479135253819068 0.028155977498762752 0.04561249200349984
0 0.3712607620973293 0.5438345527132251 0.03486300090451113 0.02460964867122719
0 0.6375396958368131 0.9318543627466326 0.0192313568519765 0.05409715400222694
0 0.5509470985957752 0.9183543894016332 0.028404960990419427 0.03546533267027243
0 0.8843228426028812 0.9776684914464948 0.03404080732694652 0.023819308004454243
0 0.8264660769990491 0.9866491718849295 0.03152996099041942 0.02670165623014107
0 0.7992640106269912 0.7252696501034043 0.030046026119281775 0.05188067333704538