0 0.3967986574235868 0.6535231874509524 0.03096873667249973 0.04385530007914227
0 0.3725424500715876 0.5166824169969813 0.027880099339590635 0.04688937186589683
0 0.3832446874204051 0.6304721323572451 0.03405737400540883 0.0408212282923877
0 0.5217135573679075 0.23959341660126987 0.023274415340545217 0.053784229546028864
0 0.360461168085587 0.620193861903274 0.03557442067154524 0.03696044239901042
0 0.9122101933481812 0.08286942583897691 0.022602253341817757 0.06313649749271752
0 0.38011914007795095 0.5633528285171792 0.04168806066995447 0.02542354882550111
0 0.8772817573599532 0.17063385029129857 0.03861760467059057 0.030020120612255674
0 0.6213862933640895 0.20855871377741825 0.028688621339908772 0.04925585391920828
0 0.39273677140354224 0.5059351336108865 0.0247278273392725 0.0444546936526514
0 0.3853606234086329 0.5436624541439998 0.03860851400381797 0.02923887061225585
0 0.8184334686903171 0.15046375428964912 0.03190452800763595 0.05715928213245362
0 0.8077708780633153 0.4430604312492532 0.04009828866963616 0.023034334718878214
0 0.8060874626829992 0.09689848508931923 0.038772146005727134 0.043301370612255675