0 0.23422758076641603 0.509265905712448 0.02633244926865137 0.12193948738612832
0 0.4972285925375388 0.7584400488110244 0.02781312865180041 0.11730655108845908
0 0.5825203993513769 0.12665682467174008 0.026591547888679658 0.13678323738612827
0 0.2883322483784422 0.2758556941870355 0.024851769885502327 0.12657242368379737
0 0.021102469160744288 0.7167981196001134 0.03171937865180033 0.11744296034428636
0 0.055074094566133734 0.6515377073490614 0.025319374187573462 0.10863095553496294
0 0.0200638948904453 0.5971577421954517 0.02933471834337482 0.11501736479078986
0 0.31416409131642753 0.22907246342432916 0.02630517572970099 0.12037698738612823
0 0.845736050734644 0.632244658877309 0.03657051988550251 0.12698165145127885
1 0.6062891359586964 0.15328381205786834 0.021072204950694128 0.08896329627913571
0 0.8414475657488824 0.3405110266633239 0.03137450527500576 0.1424156784931208
0 0.48634168547552425 0.710374571043543 0.029171077109672795 0.10564236479078985
0 0.3276204395294187 0.04036462748947973 0.02913412094116259 0.058794646641955405
1 0.8529639439969408 0.5316543818354671 0.024910271103318136 0.08519345553496294