0 0.8356208467265652 0.7567666514001656 0.029321438638086762 0.06940177521477083
0 0.8429392532321984 0.7938129500206846 0.04440086935861416 0.05147064676606803
0 0.7031804197669611 0.7357846867917016 0.047184888558944316 0.03991567107632772
0 0.23201715894640848 0.4942357581406004 0.0580087282923877 0.036582631162236014
0 0.75135715848419 0.8365969142904642 0.01996917069139812 0.06969170228399194
0 0.8043792069139796 0.7286073518751355 0.030011760424841327 0.06631771879233561
0 0.2317731180384662 0.5394663709854706 0.052380853919208284 0.030827276119281776
0 0.7704217440609982 0.7143467780398458 0.033804350158284535 0.06261618668015992
0 0.6953632227490972 0.8960670895506635 0.03990358597251955 0.030953428878243726
0 0.1095785546314888 0.307625471505869 0.052190637305303114 0.05109883254171699
0 0.20953675369441668 0.44547403154634874 0.04410535266556703 0.041314396766068205
0 0.375060116784825 0.5578965456798429 0.04555419239901033 0.037490033921197964
0 0.4667762553437694 0.6001460006773686 0.03771896034569906 0.03629934814554918
0 0.17195418566858575 0.41386218340079955 0.04544053213245362 0.033583783921197964
0 0.028692267484470246 0.31586733943912193 0.032310046318218585 0.06487804952503015