0 0.809375 0.6251129072305488 0.03984375 0.06209683471887839
0 0.20390625 0.4645268159142599 0.04609375 0.04665369114536908
0 0.25703125 0.542635095539431 0.04453125 0.038014477038746365
0 0.7609375 0.6658910199252457 0.03671875 0.05653715650563314
0 0.83359375 0.6492551008832004 0.0515625 0.05540656551854859
0 0.140625 0.5087792695960414 0.03515625 0.08149169239901041
0 0.7625 0.8807802340318684 0.0453125 0.03725595909205772
0 0.17265625 0.4120550337818063 0.05234375 0.03746054757185977
0 0.19921875 0.5128279235943919 0.0546875 0.029716243731793844
0 0.871875 0.737868971495456 0.0515625 0.10462531551854859
0 0.77109375 0.8310302866182931 0.0515625 0.02728156551854859
0 0.53671875 0.612491920624891 0.0421875 0.04263378087881229
0 0.0203125 0.4060597833860949 0.03984375 0.04490933471887839
0 0.0140625 0.36134667695960415 0.028125 0.044568353919208284