0 0.4922934508967997 0.587473430564549 0.03319432954530477 0.02263871941479163
1 0.8434626643722059 0.7972913737625354 0.018981825081078086 0.013717661094166545
1 0.5014401745151803 0.33211378333809066 0.020857970779006862 0.03172277868534721
0 0.5158339111224997 0.358240525454306 0.026517635551659247 0.042787565254479173
1 0.5307594817393507 0.35389851757052126 0.018555131087432387 0.03401197729857639
0 0.14943338961214425 0.2598322077312848 0.030809669236879243 0.02024041802802081
1 0.13872771469322215 0.24629638459302097 0.022147735389503386 0.016134146276527782
0 0.7096758198093674 0.6261404595342367 0.030782395697928955 0.018677918028020813
0 0.817018941157567 0.7450924409168758 0.03159091923687925 0.020258601823611146
0 0.766179189939751 0.7024860604079173 0.03331706047058134 0.02966996941479181
0 0.8542228863690287 0.8077021969007994 0.0370733060063543 0.02116713839274311
0 0.031104760556602114 0.6806876087574654 0.03328978693163095 0.02810746941479163
0 0.32412846307495957 0.993657801125061 0.02769830600635448 0.012684397749877974
1 0.4734889038188991 0.5901620194703824 0.019022735389503432 0.016061411094166544
0 0.5448083449698755 0.35500707589114633 0.024859678165332966 0.03728244766329869