0 0.43331772994100815 0.22890625 0.052273129445670106 0.03203125
0 0.3369715386657325 0.5421875 0.02467897642635144 0.09375
1 0.4472197181541839 0.27578125 0.04320634449948209 0.021875
1 0.47479675454811404 0.23046875 0.032705492142117265 0.03125
1 0.3614278831652145 0.5640625 0.02921877315936374 0.05703125
0 0.440389675350113 0.296875 0.057324502481199247 0.03984375
0 0.43331772994100815 0.22890625 0.052273129445670106 0.03203125
0 0.3369715386657325 0.5421875 0.02467897642635144 0.09375
1 0.4472197181541839 0.27578125 0.04320634449948209 0.021875
1 0.47479675454811404 0.23046875 0.032705492142117265 0.03125
1 0.3614278831652145 0.5640625 0.02921877315936374 0.05703125
0 0.2068282361417519 0.80078125 0.044790269230422376 0.07265625
0 0.440389675350113 0.296875 0.057324502481199247 0.03984375
1 0.2309570949092576 0.815625 0.025038541356328815 0.034375
0 0.3724231951997078 0.615625 0.04053941687305755 0.08203125