0 0.1581795107149552 0.3951875892845374 0.05092758293962456 0.027435253246410874
0 0.0980381296820964 0.48325460511284996 0.04548611479078999 0.02812104586008459
0 0.31987592414713356 0.5105785844132734 0.054025301088459085 0.02670855032431163
0 0.3477231272350257 0.6533388287312306 0.03921132213985139 0.0943772913958579
0 0.4051165089008567 0.44249283197764144 0.041852683302444224 0.035865362012708776
0 0.5439780791417915 0.7193025681779238 0.0488938569862416 0.05863070616851011
0 0.11993048784946443 0.5055250714276299 0.05472470553496285 0.024378437093786686
0 0.5874329240623155 0.8404469111159092 0.059258438111767654 0.042415370941162676
0 0.10026531779386408 0.44186199188232517 0.029144352176918263 0.052039786931630874
0 0.6245733147138213 0.7394707922033413 0.04330605589778251 0.03276763555165907
0 0.6901313381274662 0.8320770779171565 0.04999256551642937 0.04537672970746058