0 0.8215157520687241 0.5347322526167068 0.042614761338317916 0.03819196996293304
0 0.8257032653962245 0.4919271937236993 0.04263294267186311 0.03975446996293304
0 0.7024930320655425 0.5071479112395617 0.05349771733768165 0.03388641587924912
0 0.7904197460614062 0.4797620104212551 0.028861344008590705 0.06426339664195542
0 0.20999009544076777 0.7984176857495149 0.04893748667249973 0.044660224772256465
0 0.6226060847389967 0.5543378805695227 0.04418635200509069 0.03902778366526398
0 0.6215692013844523 0.39811516242068806 0.045694308004454245 0.03439484736759475
0 0.4023674047580867 0.6872148348385411 0.0403164646721816 0.04201637440943671
0 0.25663728142899556 0.7133631286706061 0.040979536004136105 0.03188740626060227
0 0.7573708887253154 0.4583036726723071 0.03496589334022708 0.051981651451278844
0 0.9920153246737723 0.150245669128928 0.01596935065245546 0.02247520072563942
0 0.31536793877304053 0.7942882356568477 0.0234471380092268 0.06875992368379755
0 0.08491901213394838 0.9877827421954517 0.025309082670272563 0.024434515609096506