0 0.6012057746260473 0.30273671896381205 0.023411322684590098 0.13215851502711465
0 0.4458593678787783 0.8956231348512483 0.0294249653484993 0.11188237646343317
0 0.8560649026098208 0.42375878785286936 0.027444842019408354 0.14311874092481372
0 0.20467238856623188 0.7410845840143678 0.022420987348817433 0.11418521984757479
1 0.6303387439529112 0.3505656857863248 0.019631794676953973 0.07589033430895542
0 0.41966049454968724 0.8642185987468949 0.027072124681726706 0.11108749092481354
0 0.8352678605585959 0.8010070890825334 0.02337496001749919 0.12903351502711474
0 0.28253594859963943 0.4954271712501894 0.02956132535009015 0.12360112646343317
0 0.35455913598027367 0.14738510187015286 0.021776097350408287 0.12589942466803503
0 0.2592524425923216 0.549201611043535 0.02637269068268111 0.11811419574527396
0 0.2025795599936367 0.0480567466803503 0.023738039345953955 0.09310056020665444
0 0.008208657940820905 0.9274210180521767 0.01641731588164181 0.1110920361043533
0 0.25056307399745464 0.020209002632278643 0.01840510200509069 0.0376045391294156
1 0.9064536119112315 0.6592241100615764 0.03059656667727211 0.0782977168225127