0 0.49591728287773645 0.6131033899941493 0.01179661647693564 0.04972817224974087
0 0.5194383778443167 0.4730584327982202 0.01423582386326192 0.05530608416039975
0 0.5143496830398921 0.5857039820124319 0.015044347402212211 0.05690497146395277
0 0.5737620446488593 0.8491264731210919 0.018332988635914305 0.06642552067816468
0 0.5824433437553548 0.7542677373891153 0.025296054788538313 0.06284675641014079
0 0.49718727678865643 0.40618130190480806 0.013427300324311631 0.053707196856846905
0 0.5464372544675221 0.44682126447742065 0.016538663554836398 0.053071496071058634
0 0.5354003429412806 0.4083045740307146 0.01573014001588611 0.05147260876750561
0 0.5130889663180752 0.43432341853019657 0.012632413554836398 0.052889559553293886
0 0.47675204586338005 0.41415862179718416 0.012605140015886107 0.051327059553294065
0 0.5299161818220762 0.5436063732449263 0.015003437093786686 0.05456122146395259