0 0.7594736514074301 0.5507780900431951 0.059521123575104085 0.04120753466927098
0 0.307007187310972 0.31043488582729195 0.049219403210381964 0.03472114532659729
0 0.1882026359242011 0.3100146988975696 0.024238240216354213 0.06849608007211812
0 0.15638959147128445 0.29989416327836815 0.03056097539871532 0.07176655043684033
0 0.6399248708222218 0.5151652855222922 0.043569468464861136 0.06035692496187508
0 0.31851099781579845 0.1520229737831947 0.04509494766329869 0.025255226348645854
0 0.15266583263756922 0.25837881050482653 0.047239329122187534 0.050291593939826386
0 0.7816564695117009 0.6052298539109036 0.046312608757465415 0.04402341014423605
0 0.9587066659407284 0.7563053106922577 0.04818423328250034 0.057341027735416716
0 0.8050569487101384 0.640949801574202 0.052271668028020815 0.03166888050895835
0 0.7688311208222218 0.5181656117946881 0.036356380508958355 0.05238077080156245
0 0.23017193037711778 0.3203716238594446 0.036720056420763925 0.06800577080156253
0 0.2473977575994443 0.21837336597565993 0.01664394576343753 0.07768924211621533
0 0.5402528323532287 0.46516332589114634 0.031177918028020814 0.031177918028020814
0 0.8970418141171173 0.7861369746362161 0.04673083605604163 0.06199216014423605
0 0.543092770517222 0.1752286569131949 0.02085866707809032 0.057485844889756964