0 0.8394957119507389 0.73125 0.027748270979042998 0.06953125
0 0.8455320885123679 0.76796875 0.044045436670087666 0.05078125
0 0.7044258203619952 0.71640625 0.04709771379745078 0.03828125
0 0.2307121061717612 0.4953125 0.05879373789975162 0.034375
0 0.7507190373808997 0.81640625 0.01837781615858276 0.0703125
0 0.8084093384141721 0.703125 0.02850679508134384 0.065625
0 0.2296672357584523 0.540625 0.05329317164297294 0.02890625
0 0.7741025161072692 0.69140625 0.033171569183644854 0.06171875
0 0.6917525826586355 0.88046875 0.0400164668225127 0.0296875
0 0.1122580637226959 0.31015625 0.051848846311007966 0.04921875
0 0.20990470248276916 0.44609375 0.0439818041565303 0.03984375
0 0.37569735324489495 0.5515625 0.045521578258831144 0.0359375
0 0.46766213944744434 0.58984375 0.03770453307929138 0.03515625
0 0.1725819644848217 0.415625 0.046280102361132155 0.03203125
0 0.02937284085005894 0.32265625 0.031622704722264326 0.0640625