0 0.39162596338170685 0.7855531311176768 0.02076714106622681 0.016334328130301046
0 0.3933308673800574 0.7269593811176768 0.01568483597251964 0.02942460517214318
0 0.3760775197290553 0.8092535259455337 0.01909098079967011 0.012373514427970278
0 0.343091523489979 0.8409474700477512 0.013295621865896922 0.02778025961864685
0 0.4868836052393565 0.4682416347458739 0.022647889812585652 0.02732639183263199
0 0.4891304153476286 0.525409294001701 0.007091085972519551 0.029124504809323427
0 0.5491275409744493 0.532978746541439 0.019341033386094785 0.020967264427970277
0 0.23298543461446553 0.9919469417399647 0.014789925705962936 0.016106116520070657
0 0.3741515876883793 0.3110243570710597 0.013795727038746364 0.04496775961864685
0 0.21222796839627184 0.8230828690519593 0.01991769490629274 0.013963296279135663
0 0.36466865828799966 0.7713170163268869 0.009480300079142268 0.030768850362819577
1 0.39914294668865946 0.795982199629331 0.011278480799670022 0.012100695916316084
1 0.376972429995612 0.8053745577966991 0.008730142319868062 0.004987600362819577
0 0.49949125382743065 0.5187327080668516 0.007804139812585475 0.02680803666048881
1 0.493195789720808 0.5200769532575282 0.009784176959604096 0.014389882213985138
0 0.49203410649299767 0.47937010770403193 0.014880853919208192 0.02861607332097762
1 0.483394892386375 0.4806325073412122 0.008843802586424764 0.008893850362819578
1 0.7873730017158597 0.35438998818873646 0.017020015439406143 0.021666668874473948
0 0.9212682800873896 0.2949381210356938 0.011983174452321776 0.036319445916315994
1 0.9301120826738144 0.2866444713985135 0.011460337226160888 0.018350695916315996