0 0.06728288535552025 0.7017539513446813 0.0328501740119445 0.06911362667090888
1 0.4243765252668748 0.30033054805854276 0.02191202080156245 0.03540169800286348
0 0.3542633938079859 0.32452147871577053 0.0195689240119445 0.06895908533577266
1 0.7382629601093048 0.9494702187698589 0.02312902868534721 0.02057612933640911
0 0.7330734991469787 0.6016594274347226 0.02327515226045147 0.06041078866963616
0 0.4032106932948956 0.2696072593889065 0.039226807370694415 0.04107044267186346
1 0.08585170060999944 0.6761817866804539 0.016951763867708358 0.02362840400222712
0 0.7172055777004853 0.9476622707669954 0.03790069671336802 0.05120851133831792
1 0.7434473014836801 0.6260054467695408 0.014081337005972116 0.034529541335136214
1 0.3468684678961803 0.34006466271481595 0.017515461531007047 0.04784715400222721
0 0.04026775009690921 0.6201675966740906 0.04135235182361115 0.031722714672181594
0 0.3846405716196525 0.3623851053866794 0.030851262917777778 0.050345445337363515
0 0.42107099373173595 0.2409010040579064 0.039299542553055566 0.04419544267186346