0 0.48019488399378407 0.2733920935585768 0.02055224855225788 0.05588697729857639
0 0.35294760318142515 0.6411218413743753 0.03239727708830529 0.04211541802802081
0 0.36813810959156595 0.6656678996950003 0.03090755169541115 0.04364155043684033
0 0.34182385855810865 0.5698462534184724 0.04082620719592907 0.022021123575104086
0 0.7476092082293864 0.1336808558107645 0.0424636358558109 0.057177373575104176
0 0.3566119505763913 0.5522411793302779 0.0384096825888232 0.020404072188333445
0 0.7841310591390092 0.18057469281673677 0.025203361248705036 0.05521483007211807
0 0.3280011071103666 0.6249331437110767 0.030762002481199334 0.040516550436840146
0 0.8730437018192456 0.1124078806963896 0.030854047766469606 0.059248366641249994
0 0.573976963191785 0.20924063421177133 0.04257064371369381 0.02596374116628475
0 0.8398374036384911 0.20372255850805626 0.03928297787409356 0.039154072188333354
0 0.3409676798982269 0.5347081872140628 0.03415883023145838 0.02966996941479181
0 0.8054603653825343 0.4542122145682298 0.031380586641599 0.05379780043684033
0 0.36385937034493293 0.5235349510817711 0.03624786910658795 0.024255770801562448