0 0.4171875 0.2078125 0.021875 0.128125
0 0.1765625 0.3484375 0.025 0.1375
1 0.39453125 0.24921875 0.01171875 0.0765625
0 0.69453125 0.36328125 0.01796875 0.11484375
0 0.71953125 0.41953125 0.02421875 0.11171875
0 0.55546875 0.74140625 0.02734375 0.10390625
0 0.9515625 0.7875 0.0265625 0.1
0 0.98671875 0.85078125 0.02421875 0.103125
0 0.1859375 0.67734375 0.01953125 0.1203125
0 0.98203125 0.67890625 0.02421875 0.10234375
1 0.14140625 0.5671875 0.028125 0.078125
0 0.5359375 0.78828125 0.03203125 0.1
0 0.775 0.6203125 0.02734375 0.11484375
0 0.64765625 0.0796875 0.03515625 0.1109375