0 0.4375 0.2890625 0.01875 0.0140625
0 0.43828125 0.34296875 0.01328125 0.0265625
0 0.42421875 0.26640625 0.0171875 0.0109375
0 0.39453125 0.2359375 0.0109375 0.025
0 0.5171875 0.58359375 0.0203125 0.02421875
0 0.52109375 0.53125 0.00546875 0.0265625
0 0.57578125 0.5265625 0.0171875 0.01875
0 0.2984375 0.0875 0.01328125 0.028125
0 0.409375 0.72421875 0.01171875 0.040625
0 0.2734375 0.2484375 0.01796875 0.0125
0 0.4125 0.30078125 0.0078125 0.028125
1 0.4453125 0.2796875 0.009375 0.0109375
1 0.425 0.26953125 0.0078125 0.0046875
0 0.53046875 0.5375 0.00625 0.02421875
1 0.52421875 0.53671875 0.00859375 0.0125
0 0.521875 0.5734375 0.01328125 0.02578125
1 0.51484375 0.571875 0.0078125 0.00859375
1 0.79140625 0.6984375 0.015625 0.01953125
0 0.9125 0.7578125 0.01015625 0.0328125
1 0.92109375 0.765625 0.01015625 0.01640625