0 0.3565123055677426 0.5322178051922803 0.030033645326597202 0.04894206047058134
0 0.3730302711828122 0.39338713027335814 0.03960801386770836 0.024119338473758488
0 0.3775151365897912 0.5364922479681098 0.03392171153100705 0.04822899431795715
0 0.3683408115516663 0.4941274699649326 0.0377552263486459 0.04517217816533296
0 0.38269490549149265 0.4482655450460105 0.04504039627652787 0.02265229586008477
0 0.3858939470946178 0.37798031858496084 0.03677395459715278 0.03656479139585782
0 0.8543620452154158 0.8683845450427153 0.04300577080156245 0.035892635551659426
0 0.8866277249269437 0.9596095628996227 0.025909842989895893 0.07307898985373029
0 0.6122856076201035 0.7586474861969871 0.037083079122187536 0.04984604139585791
0 0.35473486607256915 0.37352859780595404 0.03199553561920139 0.03257672077900686
0 0.5198246974758673 0.8023644841683921 0.03277678561920148 0.03259035754848192
0 0.8299049462415965 0.9781463804760528 0.04478647634864572 0.04370723904789422
0 0.7936784651432978 0.8899907637931271 0.022457534669270984 0.05896194277582971
0 0.7929738695879508 0.6852078064068009 0.02598257817225704 0.0762039898537303