0 0.21328125 0.4109375 0.02890625 0.03359375
0 0.59921875 0.4546875 0.02578125 0.02890625
0 0.346875 0.675 0.02734375 0.02578125
0 0.428125 0.0671875 0.03046875 0.01796875
0 0.3296875 0.6453125 0.028125 0.02421875
0 0.03984375 0.0078125 0.0296875 0.01484375
1 0.0515625 0.01328125 0.01796875 0.009375
0 0.34765625 0.646875 0.02421875 0.015625
1 0.359375 0.671875 0.021875 0.01796875
1 0.828125 0.0953125 0.0171875 0.0109375
0 0.246875 0.37734375 0.028125 0.02578125
1 0.6140625 0.44453125 0.01171875 0.01171875
0 0.03515625 0.08984375 0.0296875 0.01953125
1 0.44609375 0.05703125 0.01640625 0.01171875