1 0.4744667366913082 0.3427596893982643 0.03043425790866543 0.03817280043684033
0 0.798079286120467 0.5844445752255563 0.028599843878220454 0.05061824905006951
1 0.8135597060824107 0.6004150673417715 0.017329421444818395 0.023038109707395903
0 0.7463456201500367 0.9813000850092021 0.038359504448624196 0.02196657218833309
1 0.7720632031538424 0.9803376502636812 0.016325336958138335 0.01755117591180557
0 0.13481657665237706 0.761012194813507 0.015923430342067224 0.06515287452503475
0 0.44933674410568203 0.3772976903481948 0.03842317144481875 0.023529072188333354
0 0.43458188292725597 0.24504823480111146 0.015174013840164414 0.06591594072944443
0 0.1977078488954985 0.867844729482778 0.03563109387822054 0.050781903210381785
0 0.4557193952845456 0.30407839589527813 0.042520422433401706 0.028307491166284747
1 0.43222088688158866 0.26372549961875036 0.011412343878220455 0.05021820554708336
0 0.45761481771794743 0.33144032969086845 0.024629926882026077 0.04896483007211812