0 0.526164853895034 0.18062949338046225 0.023696598620028198 0.01593536910658786
0 0.9994705234347195 0.8790243755122195 0.00105895313056088 0.04209760876750579
0 0.63876999391092 0.23661412778853103 0.023901150162155816 0.02765411910658786
0 0.5923564642828898 0.43975409036114355 0.016143197240056396 0.03041524607105863
0 0.4719898226454459 0.11799890673886307 0.02932898985373029 0.02556508023145838
0 0.5054023405023533 0.15390217348808607 0.026067622158978666 0.017607031017246654
0 0.5840508607915975 0.5900259181114026 0.030741485389503255 0.017044104838564243
0 0.8975287540538945 0.7053257022290211 0.02550456047058134 0.030070643713693813
1 0.465367675729701 0.1411089210068867 0.012609094155801337 0.006832196856846861
1 0.5236710994308071 0.17192658146980344 0.015089211850553142 0.014753858767505656
0 0.6071865775134146 0.4396641991286492 0.014635244317957152 0.03346747146395259
1 0.6009229407439394 0.4385918507002258 0.012786372158978664 0.016988446856846907
0 0.5870122195578956 0.5807964673256143 0.02680796185055314 0.015299668320799497
0 0.5036344780793122 0.7681637266312393 0.019663663554836397 0.05321704528527036