0 0.6584144448207603 0.2762944694282837 0.03313672659425162 0.022398923421985018
0 0.9572446862258748 0.9207116087813303 0.03852358943912186 0.02105925790866543
1 0.6254824361143331 0.25780179600629866 0.024174484396167806 0.015017504942915849
0 0.634772226932936 0.27143321448536784 0.015580734396167629 0.014667336463846681
0 0.3072480924913396 0.3290295612921568 0.02980700870642732 0.018365339429596263
0 0.5774266321782887 0.753996363687065 0.032809177973732596 0.01614892342198502
1 0.5634017537295863 0.7690165272232183 0.023597952283992286 0.01889192144481875
0 0.22958003165789037 0.8552007890490355 0.03498583163720577 0.02793134041817922
0 0.7549706987774891 0.6014164862341976 0.0312024123699004 0.030115922927693363
0 0.8015148281307027 0.6118884126219323 0.034245525214770825 0.028680756920082116
0 0.9452625853667922 0.8110819407965526 0.031451395861557076 0.01999150642579082
1 0.09074550372958627 0.749757260874415 0.01878762155129752 0.016357170456235436
0 0.6383133067611194 0.249749215473951 0.033054839439121866 0.020836423421985016