0 0.1527677049196175 0.38442000351465666 0.04186432237357551 0.0619756151776464
0 0.7617339441662505 0.5546621145539646 0.04820421360606986 0.0474593509096227
0 0.7050429884180636 0.47562527791236553 0.04546020326698752 0.03875643899896399
0 0.19924029052775932 0.3444885163349382 0.039302248552257925 0.0571789532669877
0 0.12823858581302963 0.35989088440806877 0.0532919739451521 0.05627142473094029
0 0.8228683432566278 0.5115157361417519 0.038904142265951694 0.08210617865988183
0 0.1877440566578098 0.13113449172783237 0.04694992865988179 0.037266713606069854
0 0.795349118897191 0.6068988566960819 0.05323631596343468 0.03833906203449331
0 0.7641654313459689 0.5064429383752823 0.05596105562435252 0.029890861248705037
0 0.08588195781510162 0.2706079065339753 0.056329236765433645 0.1047453120344933
0 0.1822239567816443 0.1799893686923031 0.05276328101724666 0.02818281203449331
0 0.42482464143738213 0.40098903515107587 0.04407963978475227 0.04258991439185813
0 0.9517082808078496 0.6165200674066675 0.04965755169541097 0.045188375516728566
0 0.9615948571103665 0.6614151904421968 0.03946491439185849 0.04393409057054072