0 0.25390625 0.4875 0.04453125 0.02421875
0 0.29140625 0.51640625 0.04453125 0.02421875
0 0.25625 0.534375 0.0421875 0.0234375
0 0.2875 0.325 0.0375 0.0359375
0 0.240625 0.35234375 0.0421875 0.025
0 0.2609375 0.38046875 0.03828125 0.02734375
0 0.2875 0.35625 0.0328125 0.04609375
0 0.7515625 0.646875 0.04140625 0.02421875
0 0.76171875 0.553125 0.04375 0.04296875
0 0.88125 0.82109375 0.0375 0.03046875
0 0.615625 0.6484375 0.04140625 0.028125
0 0.73125 0.690625 0.040625 0.0359375
0 0.79609375 0.72421875 0.03515625 0.0546875
0 0.45390625 0.60546875 0.0328125 0.0375
0 0.24375 0.23125 0.0171875 0.028125
0 0.82109375 0.72734375 0.02265625 0.06875
0 0.87109375 0.7984375 0.0421875 0.03125