0 0.6259838423039872 0.7098679629136878 0.023383478726369412 0.12513181020665448
0 0.3837458244482022 0.5654947524358869 0.02182097872636941 0.12512271984757478
0 0.0813066256778662 0.5473295179539809 0.03593347570130732 0.13379828307929137
0 0.8478931202169171 0.17992697462115279 0.0342300751355733 0.10957044272021177
0 0.7639519957965876 0.7911366645126942 0.017842005853732346 0.11259999394987581
0 0.820744812937129 0.21336164333725946 0.02641302995603354 0.10874374092481372
0 0.7395519594958422 0.8941162187674203 0.023356207649130666 0.1204443102066545
0 0.11746930113146817 0.04911927693097133 0.03181360226293632 0.09705680718159235
0 0.6658386234383711 0.04059124296791715 0.02230224687674216 0.07356476502711465
0 0.9502727107723885 0.05240193832040757 0.05523292154477701 0.09406816256778663
0 0.686223846311008 0.053209417635952175 0.020880647442476176 0.09777442466803503
1 0.0253742673648057 0.4673193102066545 0.021675532981095536 0.10012271984757497
1 0.7296997156441624 0.8120304266129427 0.019967587235821684 0.07511362948849509
1 0.3640145865484506 0.5310061229473917 0.014521563133520664 0.07898806323171641