0 0.7515625 0.52109375 0.02265625 0.11171875
0 0.50546875 0.7421875 0.0234375 0.10703125
0 0.43671875 0.1578125 0.021875 0.125
0 0.70546875 0.3046875 0.02109375 0.115625
0 0.94453125 0.71953125 0.02734375 0.10703125
0 0.9140625 0.6578125 0.021875 0.09921875
0 0.94765625 0.60859375 0.02578125 0.1046875
0 0.68203125 0.2609375 0.02265625 0.11015625
0 0.18671875 0.61484375 0.03125 0.115625
1 0.4140625 0.18125 0.01796875 0.08125
0 0.1953125 0.34609375 0.0265625 0.1296875
0 0.51640625 0.69765625 0.025 0.09609375
0 0.6734375 0.0578125 0.02578125 0.11328125
1 0.18125 0.521875 0.021875 0.07734375