0 0.28828125 0.7390625 0.015625 0.0171875
0 0.365625 0.20546875 0.03046875 0.01875
0 0.265625 0.734375 0.0296875 0.02421875
0 0.00625 0.11015625 0.0125 0.01484375
1 0.3875 0.20234375 0.0140625 0.0109375
0 0.6625 0.12421875 0.03203125 0.01875
1 0.7984375 0.228125 0.01953125 0.009375
0 0.00234375 0.2140625 0.0046875 0.01328125
0 0.15 0.4796875 0.028125 0.0328125
0 0.1890625 0.46953125 0.0265625 0.02578125
1 0.3 0.76328125 0.021875 0.0171875
0 0.2859375 0.76875 0.02890625 0.025
0 0.56640625 0.61015625 0.0265625 0.02265625