0 0.5146250605012421 0.15386897823081758 0.03303975897699054 0.040208337748947984
0 0.5658365399149825 0.4809200623515684 0.02999657220870695 0.054161710344286365
0 0.5169939980550924 0.6864905052726595 0.023710210772388506 0.04769345553496276
0 0.5584603771508042 0.4061928808632228 0.018309638465485632 0.059221232576804894
0 0.6702887323406067 0.24919385799773197 0.03927157825883114 0.037301592558271326
0 0.5000610281093217 0.643340705998299 0.02139827702916719 0.05308035998146661
0 0.46160654040596183 0.8087127348542396 0.012813617388246712 0.05434275961864685
0 0.516266769328723 0.8114905052726595 0.017437484874689345 0.043568950725639155
0 0.5313559590238727 0.7687846501005164 0.020589755951928267 0.04836557813030105
0 0.4834360886105637 0.8157613430216075 0.011251117388246712 0.05428819591631608
0 0.48301442867505584 0.6197221567239384 0.014312484874689346 0.04345982332097762
0 0.5064514077942086 0.7532514193378101 0.012041457747326411 0.05587797776748147
0 0.49843891989445704 0.7878992378494644 0.01358577702916719 0.05280754146981224