0 0.4129095200148464 0.5334761554914926 0.0356376068519765 0.05466996941479163
0 0.5532788924706551 0.49041387367201333 0.043620525214770646 0.02832567496187508
1 0.42973184984302987 0.5549329281929163 0.02655585594746519 0.030269381458888845
1 0.5740417718238687 0.48134734498666615 0.03597512155129756 0.016443270801562448
0 0.11084240897899841 0.4905678357717013 0.04173047659425162 0.022039307370694417
0 0.07840944651824096 0.35008895934680545 0.04263455732694628 0.024401241166284747
0 0.5311239314802356 0.5260429023573606 0.04111300090451113 0.025146123575104262
1 0.11321049242522649 0.41560420336288184 0.02339323439616776 0.014589830072118027
0 0.10757464608869964 0.404030923727604 0.0483899123699004 0.029997277735416716
1 0.5443199722988386 0.5124707116279161 0.028162621551297562 0.01626143284565984
0 0.6475799276350485 0.19482731031739528 0.039509557326946165 0.0243285059839236
0 0.023583669155763716 0.6517793991263193 0.04008276741285454 0.03526600598392378