0 0.6996260272509355 0.35835432276413187 0.02144895409301455 0.06661533533577266
1 0.7143878900958058 0.36008954543281363 0.013394114653892508 0.04700226933481808
0 0.5729340524657063 0.3295197034134054 0.03654500961093845 0.04180623933799978
0 0.9096018928093393 0.28966050879213057 0.04686835594746519 0.030214758672817865
0 0.6518978561746079 0.40392081409131403 0.01762459124814413 0.06813238200190899
0 0.8892274378118138 0.38010369545667616 0.04189425090451095 0.024691464672181595
1 0.6659094465182409 0.3603071740929048 0.019395131162236012 0.05722215400222712
0 0.27469902758961984 0.12827264003818006 0.041976138059640886 0.02625396467218155
0 0.5868283768668228 0.4969708327498143 0.017089002713533575 0.07281079133513621
1 0.8892893928093393 0.2894241514560398 0.02331134724103805 0.012763629336408932
1 0.2603499225466657 0.13357775803627106 0.024420145861557073 0.01902272000318166