0 0.7868872573771928 0.3181481394184373 0.03897892836490087 0.05739309814554918
0 0.8321069154761386 0.35631652476454473 0.04047776136870666 0.05591248530067894
0 0.8922233561983293 0.23934703075743852 0.05570085475263546 0.10426477611928178
0 0.23188939817593304 0.46962866802410996 0.0537125904181794 0.036336969696846744
0 0.2148836288985611 0.5617309588427128 0.05152800790866543 0.040120388964152195
0 0.854251170913346 0.32942979817029305 0.052037343878220454 0.05262038896415202
0 0.2992824866169461 0.4419297139310955 0.038518671939110224 0.02696529172311397
0 0.23616572129390692 0.5177386194035909 0.046936008402956905 0.04221847749876275
0 0.4391235780237087 0.3964014507021124 0.026574428859192523 0.059081750904511135
0 0.7987346358558244 0.10392186510817777 0.046999675399151467 0.04378097749876284
0 0.04760328699750695 0.6110359972864665 0.04398742193911026 0.027251896766068207
0 0.5711375819780414 0.3707729296712133 0.043093425399151286 0.04357625961093845
0 0.06088187840426954 0.5721405936229933 0.046649506920082226 0.035187227498762755
0 0.1818403186321685 0.45432125056582684 0.04583376482874764 0.07256439676606821
0 0.8008582099623816 0.14746714722035342 0.04942433844101331 0.02675725180902231
0 0.8974029461222169 0.20789231286961413 0.04046317391627667 0.03642217887824373