0 0.643534954947399 0.5584718299556372 0.04014375892845372 0.017882975243233724
1 0.6229633563273707 0.5439826359619916 0.029206258928453722 0.01769206047058134
0 0.9700120856310894 0.27925233969816504 0.04110228693163087 0.02805286201270878
0 0.9689189642828897 0.39571313677606573 0.04103410308425524 0.024146612012708867
0 0.9640150503210162 0.5177108677013422 0.04102046631478018 0.02336536201270878
0 0.5215178587630026 0.46291564245481337 0.03795001339268076 0.02643581493480802
0 0.4946144395261234 0.4438480426169691 0.03810001785690744 0.0350295649348082
0 0.47341159537032207 0.4379662353927987 0.03636023985373029 0.024846041395857908
0 0.38921250446422684 0.005351608057278335 0.03545625892845372 0.01070321611455667
0 0.9865392922066366 0.335956307230761 0.026921415586726737 0.031822744317957154
1 0.9883063437487642 0.3531574440002362 0.023387312502471502 0.019186376623205437
1 0.507318991068251 0.45534860430536633 0.029315353084255237 0.02394206047058134