0 0.16212235658023127 0.6307985882971021 0.03816361867440872 0.05834077885594056
0 0.7602887786044119 0.43185753585788067 0.04495851133831792 0.03827381551642937
0 0.12308658123809528 0.6969791490042081 0.048011333346590315 0.0992931610699257
0 0.7526393632638668 0.48522807251836947 0.05352498933799978 0.03623016587924912
0 0.18811269191600385 0.6119295372086431 0.03110509667409054 0.055751492195451745
0 0.9502148919478206 0.35103657787584713 0.032822138009226974 0.06908730589778252
0 0.46883598058564 0.5802603526402544 0.04165169800286357 0.022539688111767653
0 0.7194723272597306 0.5168426602673175 0.03643748667249973 0.04422371515360961
0 0.24387179591027683 0.6521527439247322 0.038890324673772445 0.05368056070710594
0 0.2463411732177326 0.8426140528177397 0.04483124200349984 0.027336315516429364
0 0.5714615412555946 0.5524676801375834 0.01721531934277216 0.07010416887447395
0 0.22210478922664129 0.7778620720550333 0.03571987133990877 0.049665183302444224
0 0.8189558012810478 0.35640117887163897 0.04525850334181776 0.06405506551642937
0 0.8204177566040937 0.43210058331814266 0.02278406667727211 0.078888891832632
0 0.9649046479551384 0.2966392545548694 0.02876134667409076 0.055669646641955416