0 0.3247197470047751 0.05178309367091248 0.055689494009550165 0.07591183664159915
0 0.4449479784852716 0.4793516296505578 0.02874504809323426 0.0637371683207995
0 0.4393353847458739 0.5196491439185815 0.02586558475372307 0.07062286910658777
0 0.4116245577966991 0.41852113750844067 0.04537698738612832 0.026292826302517013
0 0.419131945916316 0.030441094704369787 0.06013889183263199 0.02464043507002258
0 0.40358885770403186 0.5234440779551468 0.048075401451278844 0.03655823821317572
0 0.3942386503549705 0.4567103422231704 0.040781256623422024 0.051038115177646406
0 0.3877083973597456 0.4930652191876411 0.03246032513507622 0.05845035483856424
0 0.3872222693221117 0.36746590570540577 0.03870040145127884 0.03612159057054054
0 0.42949410407583477 0.43885290818660516 0.034412205534962936 0.025002154052775793
0 0.37939241115474365 0.3889406453663236 0.0494469284931208 0.031162262820281582