0 0.9537060580382445 0.3862908396849839 0.04293752232113448 0.043705135551659245
1 0.6836099720001181 0.5034884277550006 0.01637502232113448 0.04324148538950343
1 0.9316810535740178 0.39450276013967916 0.02059887215897831 0.01676080600635448
1 0.3378215539777595 0.07701210795222377 0.013209112012708779 0.04084318831160272
0 0.3498675864451636 0.05846665949435133 0.01609833279171564 0.07213409862002822
0 0.7227679293864442 0.4987015162287591 0.017551738635914305 0.06591137215897866
1 0.7368713396948697 0.49660322807931223 0.01335911647693564 0.049436938311602674
0 0.6236974095009419 0.6227918068138381 0.02069037540538936 0.06674716923687925
0 0.6317980560096498 0.4721060142001642 0.02376082832748878 0.06367671631477982
0 0.9474366927791248 0.4768340190681329 0.04049831493480838 0.038195475243233544
0 0.3234709074690517 0.2275888064100962 0.03263126785690744 0.03493410754848192
0 0.6797213129095085 0.5471838806770999 0.019922762174864772 0.06751478246740401
1 0.30328113839432824 0.2202030004037418 0.011155688311602675 0.012690914772652384