0 0.5294985828250004 0.5534860953769126 0.016916049486909657 0.055741485389503256
0 0.5454307477188893 0.46567244967898375 0.01695241707809032 0.05730398538950343
0 0.5660173110735074 0.5442514172115797 0.01766093189572917 0.054192622158978666
0 0.5105485610735074 0.5452196278443167 0.014608667078090321 0.057263075081077905
0 0.6244584053945835 0.16729740503671503 0.020441092989895892 0.07298353246740405
0 0.5426518930454864 0.5141781335263597 0.02156718189572935 0.0542608060063543
0 0.5670680519554517 0.38791959659472863 0.013863784669270985 0.058811938311602766
0 0.5390690321038198 0.3266644967568844 0.022747822188333443 0.037881829545304765
0 0.5551486269935767 0.345923011367381 0.020222887442812622 0.0636085324674041
0 0.6277626305089583 0.040625810880913674 0.03179616707809032 0.057563084009531626
0 0.578425738885174 0.5065195921305017 0.015426284669270984 0.058839211850553144