0 0.84140625 0.721875 0.01875 0.02890625
0 0.315625 0.1015625 0.0203125 0.02109375
0 0.49375 0.24296875 0.02421875 0.01875
0 0.4546875 0.184375 0.01796875 0.0125
0 0.5859375 0.2765625 0.0171875 0.02734375
0 0.90390625 0.81875 0.025 0.034375
0 0.5640625 0.5015625 0.0140625 0.025
0 0.4625 0.79609375 0.01875 0.04453125
0 0.4875 0.2234375 0.0296875 0.0140625
1 0.44375 0.1890625 0.009375 0.00703125
1 0.44609375 0.21171875 0.009375 0.00625
1 0.4953125 0.23359375 0.015625 0.00859375
0 0.4359375 0.2 0.01953125 0.01328125
0 0.5765625 0.48828125 0.01875 0.009375
0 0.55546875 0.609375 0.02421875 0.0125
0 0.5515625 0.621875 0.02890625 0.0140625