0 0.2800471807267964 0.23519348865207262 0.03394050641014079 0.025364587748947898
0 0.30482885690547884 0.23137900788936633 0.017915246071058634 0.016225200725639422
0 0.6386473928851242 0.3483334172300115 0.03148759449948209 0.022938992195451657
1 0.9188723178209525 0.8050472418169334 0.02163955955329371 0.012455359981466785
0 0.1693837783266503 0.5386408924656042 0.0357941048385642 0.03166915145127884
0 0.7720401672828331 0.9013170626908404 0.0360659325888232 0.020758933302444403
0 0.2136967045053327 0.5355084579820335 0.03266910483856424 0.03156002404661713
0 0.3017380901562558 0.19851194418703547 0.034013281017246655 0.026927087748947986
0 0.4262310535529287 0.7948636437315486 0.04822133023145838 0.030543161069925516
1 0.31765418858467925 0.20530758121034404 0.02799872146395277 0.015017364790789944
1 0.43902215198135214 0.8015501533501954 0.02349315798171734 0.01875992368379755