0 0.4929233990948864 0.968659886312935 0.04146190798171734 0.019624091901054186
0 0.6225661271738676 0.5290469465793276 0.017699076302517013 0.04516791996194378
0 0.33398970223353036 0.04487351232010863 0.039445643713693725 0.026559841406762597
0 0.30279320616247174 0.061740018745899274 0.03653896753501122 0.031120007414373818
0 0.354449905500518 0.00932694353648142 0.036138707195929064 0.01865388707296284
0 0.5951326017381924 0.23073412197847892 0.02240584698068133 0.06251458745242991
0 0.824698015510878 0.42489932156073706 0.050783404052775795 0.03559926038012336
1 0.2985230831269425 0.06971168623638524 0.017878858767505612 0.015544086958138293
0 0.6155327231210918 0.562863531066008 0.02930866439185813 0.04330167243340188
1 0.6227459096388565 0.5586707795831332 0.012701207195929065 0.021571252471457924
0 0.5071314483090982 0.9649618833471854 0.04491439371369381 0.026782675893442943
0 0.4849118459517333 0.9565100547920041 0.04945634449948209 0.023848676882026253
1 0.46345422291620403 0.9651820592406285 0.022675520678164317 0.01807883794672165