0 0.8608130281262717 0.8130394564707804 0.023696519230422552 0.07277442466803521
1 0.562840178454994 0.3650912732185382 0.026909256410140792 0.024368740924813715
0 0.5872965229544761 0.3433526286047325 0.04171661910658777 0.023673849336070064
1 0.8490964321790475 0.7793684384186035 0.007378006410140614 0.024255111436318443
1 0.23584091501553991 0.6577999062230748 0.011883569892376222 0.020376132513557365
0 0.24986918176476286 0.6250601290957117 0.02662031203449331 0.05170340056573401
0 0.26063959202279186 0.9642771652000652 0.040044957195929064 0.02132100897699054
1 0.24257879673752156 0.9829271712501896 0.027799668320799588 0.026717036104353296
0 0.5947601124915594 0.4012242159387499 0.017046258891340215 0.06414431323171658
0 0.9121636664632821 0.7172184172431687 0.040299668320799495 0.026789758976990364
0 0.5697473039717227 0.31746229429577705 0.041862168320799496 0.026798849336070064
1 0.6242314427230177 0.3724815924021831 0.014610463606069856 0.04538522287263689
0 0.6198179245260527 0.34979352614540443 0.021697371587787374 0.06339033430895542