0 0.36240931026762235 0.34294647966639796 0.0325568724558087 0.04090774219545175
0 0.4752446664422303 0.7437054262156861 0.02186171189493056 0.06002976442797028
0 0.34703661578554634 0.36745540634542023 0.03416031603337357 0.04174355589778252
0 0.35005871721045584 0.4591344748570746 0.04325203301668683 0.021785719962933214
0 0.7409847738600336 0.9001290741235859 0.04114730042954129 0.05602431070710594
0 0.3211768006566839 0.3829886371081266 0.02852779172311406 0.03842758293962456
0 0.5660091073062616 0.818881530206703 0.041894250904511134 0.02563740626060209
0 0.33381291949444797 0.4405655241314351 0.040208920171816584 0.023239092558271324
0 0.8403949536427886 0.8402034918169334 0.04028748530067894 0.03961806070710594
0 0.7822991706261018 0.8585244166818573 0.026590155472495526 0.06097470553496294
0 0.8738448614901332 0.9337278025240394 0.028933905472495525 0.06105655108845909
0 0.8111046805757244 0.5926365218540004 0.02449206693788497 0.06558035998146661
0 0.3298314263918529 0.4717336785779388 0.030833920171816586 0.02291171034428636
0 0.354176329150815 0.48510669781523247 0.0397961623699004 0.03024306070710594