0 0.5568427000078492 0.4004980512225108 0.011728673683797552 0.023229460085908295
0 0.5348560834029608 0.4718341406616327 0.023038195916316083 0.012124863749381376
0 0.4239036813187097 0.6343927736328909 0.013164688111767653 0.04202040366347308
0 0.970185915076641 0.6673691321823481 0.010411710344286007 0.03017882293077854
0 0.46190225535747764 0.17152760346107443 0.024791668874474128 0.017675500904511133
0 0.4738466946503717 0.20911281264247156 0.011974210344286362 0.030260710085908294
0 0.816936918704838 0.5896203476953232 0.019568455534962937 0.024420145861557073
0 0.6532340611704421 0.4539329104493365 0.019268355172143002 0.015826395861557076
0 0.44437993865992187 0.13735399932263145 0.018241568511654194 0.008754202283992152
0 0.2970609945577044 0.11310202905995789 0.019213791469812235 0.014263895861556986
0 0.4324801393855613 0.12082159656366946 0.013154764427970278 0.01940509724103805
1 0.4481224975529292 0.14183678143480707 0.007976191106992658 0.005096935775648781
0 0.4568700149761245 0.15931420850402858 0.008712801088459088 0.02619068577564878
0 0.5652454770496912 0.40551642186929715 0.014608137023308565 0.016361984396167806
0 0.5454414085380369 0.4143525113084191 0.017487600362819756 0.009494508706427141
0 0.5415425930216076 0.45900659204111366 0.019831350362819754 0.009617339439121863
1 0.5264533063611188 0.46681577001484637 0.011128472958158043 0.006041960085908293