0 0.49453125 0.4515625 0.03046875 0.02109375
1 0.16015625 0.26171875 0.0171875 0.0125
1 0.490625 0.6921875 0.01875 0.0296875
0 0.47578125 0.66796875 0.02421875 0.03984375
1 0.46171875 0.67265625 0.0171875 0.03125
0 0.8234375 0.753125 0.02890625 0.01875
1 0.83359375 0.765625 0.0203125 0.01484375
0 0.2890625 0.4203125 0.02890625 0.0171875
0 0.1859375 0.31015625 0.0296875 0.01875
0 0.234375 0.34921875 0.03046875 0.02734375
0 0.14921875 0.25234375 0.034375 0.01875
0 0.928125 0.35390625 0.03125 0.02578125
0 0.646875 0.05859375 0.02578125 0.025
1 0.5125 0.4484375 0.01796875 0.01484375
0 0.44921875 0.671875 0.02265625 0.03515625