0 0.3901492154280411 0.6776348405707757 0.025010185351681 0.13638455732694635
0 0.13029186274663268 0.5825934147447496 0.028189729352317318 0.14123583163720568
1 0.36296855008749596 0.6259019222079815 0.012682360677908556 0.08342665366347309
0 0.7951056040340438 0.20926446234921584 0.027172122016226475 0.12088238805964088
0 0.5497920093491355 0.0876638585494571 0.02775337734722676 0.10373583163720579
0 0.7401379353914519 0.3895970935114518 0.021712462682999246 0.12137703301668683
0 0.8049042481301303 0.916995075194086 0.02049486067790838 0.08383608943912187
0 0.7213157573997242 0.4515581829505736 0.022457350015908338 0.1182929765942518
0 0.1466857380251352 0.17758168815049796 0.024183482017817372 0.13243736374938136
0 0.5804607540181356 0.10325455902442693 0.03563860268140839 0.11039526741285455
0 0.6521690521164493 0.824156879241672 0.019477800684271785 0.13062920228399227
0 0.99140625 0.028152739711693037 0.0171875 0.056305479423386075
1 0.06818966271481597 0.35133012663968016 0.02517327001113585 0.08330050090451113
0 0.7583292401336302 0.9452329398479786 0.01911362667090888 0.03223264586155707