0 0.36160975506377746 0.9679117642972749 0.07552827885594056 0.0405241823192334
0 0.4032044557045989 0.6579664199247629 0.04651290145127884 0.0362213428896375
0 0.3952456227649743 0.6316904214076376 0.051817960344286186 0.03175667737631773
0 0.4223339124206881 0.6008569154761385 0.047775301088459086 0.0276912598858317
0 0.44169154762989804 0.5726854945256115 0.028643355172143004 0.01598975593149916
0 0.41348470207640176 0.5714877504571105 0.04619544292109108 0.04947075939154022
0 0.39814987875542407 0.5580300869209573 0.05055556070710594 0.040286760380123354
0 0.3907267591553107 0.5246910049057348 0.044742070325752795 0.05253209239534584
0 0.406659294001701 0.48805316794759646 0.05497024219545175 0.03266526136870666
0 0.4470213991738442 0.5012734095446396 0.024330366604888454 0.07120383794672147
0 0.4600223961786193 0.5375146570731817 0.03254217068857255 0.06061650642579046