0 0.37705613271799765 0.36511155699409087 0.04246931066995439 0.025691969962933037
0 0.390128297382225 0.3466790155242786 0.04097044533736342 0.03110615626060227
0 0.3858600627386785 0.5172097703336019 0.03731873400699968 0.05284474700477517
0 0.884083218133312 0.9515574222482168 0.04729317067154497 0.03757441106992587
0 0.37359587273231515 0.4707439981010834 0.040371008672817864 0.046703874409436706
0 0.8360900661202673 0.8571005833181428 0.026553956675681435 0.0673065510884591
0 0.3623862000715876 0.5149032258685649 0.03264941534054513 0.054243555897782514
0 0.9361724294636758 0.9278545382201333 0.025909066677272108 0.0789980192372937
0 0.39021066072563365 0.420925047375444 0.0471477200031817 0.025074411069925695
0 0.6446554494350408 0.7270113231513416 0.041170440006363405 0.048293656260602266
0 0.3556442093809523 0.33850441697555744 0.032422148671227016 0.034712305897782514
0 0.9006520054503128 0.8306174396714121 0.04408635467059056 0.030434033665263982
0 0.5507332741088131 0.7826561771423585 0.03164089867122719 0.03468502404661713
0 0.8369423994270866 0.661678955913481 0.027444294676953973 0.07670883293962447