0 0.6796086106250232 0.7869034514910227 0.05085617865988183 0.037735695386587234
0 0.6747135570675853 0.9495296042499846 0.04189855562435252 0.029472816033373306
0 0.7514279526433059 0.7727424542045561 0.03683222001621065 0.0712918238352895
0 0.790927100285941 0.7841646330827998 0.028946945409104786 0.06931988805964089
0 0.8239408074818702 0.8069370697629598 0.0327804208019991 0.06796210594746518
0 0.8304112853559638 0.8454639812283492 0.048458924730940114 0.0531969210763279
0 0.7386625870513747 0.8835195019205638 0.01989943114108108 0.07585981512886235
0 0.19451005686269757 0.5284569499091429 0.06172090405277597 0.036746405472495525
0 0.33203148159363793 0.5863214388278666 0.045115600909622786 0.04834564676606803
0 0.18869885855810867 0.5710162641334942 0.049965766749223 0.035351001809022266
0 0.17332210752465135 0.475130554047586 0.045496590570540583 0.03979284034363317
0 0.13585634077542835 0.4404346494796016 0.05130994292790545 0.030745388964152198
0 0.4276372340748373 0.6310784181356516 0.04080909057054054 0.03954717887824373
0 0.050492421421171475 0.3143834045679843 0.057724762820281585 0.05134449400710626
0 0.4435534483000797 0.9226074988683463 0.028638730355292807 0.0794351944820761