0 0.8621652826537737 0.7685787030719443 0.027991079944399644 0.06343124092481371
0 0.916602267592831 0.6268270194269189 0.03669395734906118 0.06660623789975162
0 0.8849976035276808 0.6168525766085112 0.036748521051391946 0.06816873789975161
0 0.292805125127227 0.48589555162244746 0.05928571996293312 0.04252384328594587
0 0.8198711444493387 0.8329002783057134 0.04718502404661713 0.03151816559284874
0 0.8197371912766286 0.650051416869395 0.04608631551642937 0.044790325233769225
0 0.5690799376484315 0.5655547387835144 0.0455406784931208 0.029165325233769225
0 0.1885838726801563 0.3208432442444634 0.051701398456053926 0.07138009631100797
0 0.5589882081516696 0.8359808682720097 0.01879712921876031 0.04619374394987581
0 0.3110566173226787 0.5162643076725717 0.04484127404661713 0.031504530054229284
0 0.2766964862898199 0.42738361485416404 0.0516369110699257 0.04716589149054773
0 0.4665625728576416 0.5388018621236895 0.04374256551642937 0.044776689695149585
0 0.22291672186184966 0.408942687062871 0.04162699400955026 0.07366475897699054
0 0.9584375927279074 0.6836264652703885 0.05996033175849824 0.10657725292686634
0 0.05329864790789977 0.27318296994577074 0.034694947730414524 0.05409714754067192