0 0.34786105212702195 0.5454654734618122 0.041525758706427315 0.017423849336070062
1 0.3689514801007546 0.530503548793777 0.03062920228399211 0.0181414668225127
0 0.023415409317682677 0.26853183138208914 0.042880218792335535 0.028365894515609825
0 0.02080689620125612 0.38804490066392994 0.04161379240251224 0.024459644515609825
0 0.021057270890457263 0.5122227440480717 0.042114541780914526 0.023678394515609824
0 0.4757171364777612 0.4455331302740621 0.03967333163720586 0.0267852137974506
0 0.504125419494448 0.4250615489901689 0.04012371099041943 0.03537896379745078
0 0.5255467181149671 0.418688829142594 0.038028944482076096 0.02521362343837108
0 0.00962566556458969 0.3272392108705844 0.01925133112917938 0.03301703307929138
1 0.007243463506725331 0.34441762051150476 0.014486927013450663 0.019676695745273864
1 0.4902300158309748 0.4368575670423455 0.030915807326946165 0.023610216822512697