0 0.371875 0.328125 0.02734375 0.03671875
0 0.4921875 0.6859375 0.0171875 0.053125
0 0.35859375 0.35078125 0.0296875 0.03671875
0 0.36640625 0.4328125 0.03828125 0.01875
0 0.73984375 0.81875 0.034375 0.04921875
0 0.3359375 0.365625 0.02421875 0.034375
0 0.578125 0.75078125 0.03671875 0.021875
0 0.35 0.4171875 0.0359375 0.0203125
0 0.8265625 0.76171875 0.034375 0.03515625
0 0.775 0.7796875 0.02109375 0.0546875
0 0.86171875 0.8453125 0.0234375 0.05390625
0 0.740625 0.96328125 0.028125 0.040625
0 0.7828125 0.95546875 0.034375 0.02265625
0 0.78828125 0.5390625 0.01875 0.05859375
0 0.3484375 0.4453125 0.02734375 0.0203125
0 0.3703125 0.45625 0.034375 0.02578125