0 0.7953834260531687 0.6456589090196838 0.0413110747398008 0.05959547787409356
0 0.846854072819237 0.6003977588958493 0.04283263116223566 0.05888700248119925
0 0.8984022054518108 0.7172363484329326 0.059474576548823065 0.1087607239451522
0 0.22713911635137324 0.5435337144346394 0.056529960990419424 0.037703361248705033
0 0.21811267639185292 0.44809493589859206 0.054390928878243726 0.041500449338046155
0 0.8673369911820311 0.6259414143963673 0.055086969696846566 0.05478169933804615
0 0.2945789218692972 0.5653316317219816 0.04123583163720577 0.028418252481199245
0 0.23605044889309018 0.49246136600621604 0.04982625961093845 0.04362587551672874
0 0.4377623558359236 0.5991885932611369 0.028933905472495525 0.061357031017246655
0 0.7867985628696141 0.8689508598054723 0.04994909034363317 0.04596962551672874
0 0.04688612958035625 0.4139854172873423 0.04666363805964091 0.027891713606069856
0 0.5742387663968017 0.6123156778358215 0.04600189676606821 0.04500643899896399
0 0.05729800712454758 0.45324697043049544 0.04945776741285455 0.03659462551672874
0 0.1729905269122513 0.5655393010762385 0.04837994629109836 0.07551157630251701
0 0.7938607903683769 0.8234200359841545 0.05213238805964089 0.02814642473094011
0 0.9006297687716509 0.749085661915168 0.042508404567984215 0.03782963978475227