0 0.35440718077055555 0.44469375673042466 0.03690228847458741 0.05102294239901042
0 0.3654190918404812 0.39754597209068854 0.041453379218760224 0.04725308471887839
0 0.9320311175315608 0.9562554500538717 0.04855655108845909 0.027167905251991798
0 0.38344984002638266 0.439946420757905 0.04118056070710594 0.03944058471887839
0 0.6590152913001763 0.616896399512511 0.04772073738612832 0.02558267319868044
0 0.9145360826851704 0.9208635193333439 0.046884923683797555 0.02399744114536908
0 0.38335561470597196 0.28619929513108433 0.04141617368379737 0.023838316772189748
0 0.3994245588081894 0.3177304399582349 0.04126240626060227 0.041784334718878394
0 0.4004711928362731 0.2654094220115462 0.042924109981466604 0.022321280878812376
0 0.8704934499230312 0.729372352798581 0.047239587748947896 0.03415369114536908
0 0.3672866706037545 0.25466815030393386 0.036674109981466606 0.022139424452321598
0 0.5335242179791986 0.6345960280423255 0.019714788474587408 0.05052283722616089
0 0.8915003759690812 0.8653409450393068 0.047911710344286006 0.03105142319868044
0 0.9027479000156985 0.8337954283462594 0.03030754809323426 0.06331835391920819
0 0.8148337269648731 0.7364550785836862 0.01632689364673041 0.0652529269596041