0 0.30454042006027493 0.6347973344132735 0.03189845318850324 0.04270569724005639
0 0.2897486589789984 0.4992592548679687 0.029718477498762753 0.04578978693163087
0 0.2924465338096563 0.6119092593321955 0.034900622455808696 0.04041649431795715
0 0.4537923060837509 0.23390876460720128 0.025399469696846744 0.05273921631478
0 0.27118568747312943 0.5998086797868908 0.03621746099041943 0.03575626785690744
0 0.8456599807781231 0.09764930518898494 0.024287349050060313 0.061305692775829604
0 0.29358298790267073 0.54546209902377 0.041853307326946344 0.024146612012708957
0 0.8059999372459867 0.1829731505626023 0.03897396879233526 0.028779564934808155
0 0.5528815812985215 0.20826961079159756 0.029841308231457475 0.04813353693163096
0 0.3105524819097769 0.49023881087432314 0.026470646766068206 0.04339148985373029
0 0.3008565773417926 0.5260399431795714 0.03893302521477064 0.027998314934808022
0 0.7501151074178033 0.1601026663909149 0.03337574400710608 0.05600058400953163
0 0.720204120873929 0.4473435677708867 0.040167976594251795 0.02177558847375849
0 0.7403992706922149 0.10675947807931216 0.03967000961093845 0.042060814934808156