0 0.55234375 0.44296875 0.0109375 0.02109375
0 0.53359375 0.50859375 0.021875 0.01015625
0 0.43359375 0.6578125 0.0109375 0.0390625
0 0.95859375 0.71796875 0.01640625 0.028125
0 0.4546875 0.2203125 0.0234375 0.015625
0 0.4671875 0.25625 0.01015625 0.028125
0 0.80546875 0.63515625 0.01796875 0.021875
0 0.6453125 0.49765625 0.01796875 0.0140625
0 0.43671875 0.18671875 0.0171875 0.00703125
0 0.2953125 0.15625 0.01796875 0.0125
0 0.42421875 0.1703125 0.01171875 0.01796875
1 0.440625 0.19140625 0.00703125 0.00390625
0 0.44921875 0.2078125 0.00703125 0.02421875
0 0.56015625 0.44765625 0.01328125 0.01484375
0 0.5421875 0.45546875 0.01640625 0.0078125
0 0.5390625 0.496875 0.01875 0.0078125
1 0.52578125 0.50390625 0.01015625 0.0046875