0 0.6278757205999577 0.5246114914051144 0.031840893340226904 0.052418993102595124
0 0.6139234032861386 0.3800426198538169 0.0392988573360908 0.02235967887824373
0 0.6015870352880476 0.3653250226127788 0.03932612933640893 0.024703428878243727
0 0.6008597819462297 0.4278250226127788 0.04245112933640911 0.024867203188503238
0 0.6075359485996394 0.5258907083884277 0.034884077339272325 0.04555151741285464
0 0.630675098623502 0.35121493498267925 0.03315794533736351 0.0314071302577247
0 0.6213444572724574 0.48127424920703044 0.0364465773392725 0.04563340456798422
0 0.35535418857418605 0.7002887635676673 0.0387903273392725 0.04575623530067894
0 0.08578493387973281 0.8909735600404798 0.02183918467536323 0.0651679765942518
0 0.6301580253023651 0.2612892978275495 0.028434082670272608 0.028036468792335612
0 0.11880706655795954 0.8074959967206397 0.04414089867122706 0.03588659034363317
0 0.45169283923459547 0.7514595171857119 0.02003123667249973 0.04399233943912186
0 0.17564741255573238 0.8268911278828757 0.018777819342772294 0.07047295228399193
0 0.1213133538749603 0.928013214608464 0.04897384933959063 0.04863225180902262
0 0.10501564453377883 0.984313023942675 0.0441045360041362 0.031373952114650196
0 0.1674547465786404 0.6576088613745321 0.036546574673772404 0.054227154567984215