0 0.42890625 0.38046875 0.0359375 0.028125
0 0.428125 0.5296875 0.03984375 0.0265625
0 0.22578125 0.45390625 0.04296875 0.03671875
0 0.35859375 0.4671875 0.046875 0.025
0 0.8 0.7609375 0.04375 0.04296875
0 0.040625 0.14140625 0.02265625 0.0328125
0 0.64296875 0.64609375 0.03515625 0.0265625
0 0.23046875 0.49375 0.046875 0.025
0 0.696875 0.765625 0.0234375 0.05625
0 0.25546875 0.4203125 0.02265625 0.06015625
0 0.7328125 0.678125 0.046875 0.0265625
0 0.27109375 0.434375 0.02265625 0.06796875
0 0.740625 0.72578125 0.04609375 0.06953125