0 0.56484375 0.921875 0.0421875 0.03671875
0 0.3671875 0.07734375 0.03671875 0.01796875
0 0.6578125 0.53515625 0.025 0.03515625
0 0.8421875 0.43671875 0.04140625 0.03125
0 0.62421875 0.25625 0.01875 0.05625
0 0.38515625 0.04140625 0.0328125 0.01640625
0 0.33984375 0.08515625 0.03359375 0.02578125
1 0.33671875 0.0953125 0.015625 0.0125
0 0.58359375 0.22734375 0.009375 0.04453125
0 0.659375 0.56484375 0.025 0.03203125
1 0.6625 0.55859375 0.015625 0.0171875
0 0.55234375 0.92734375 0.0390625 0.03671875
0 0.5359375 0.90625 0.025 0.0140625
1 0.528125 0.9234375 0.0125 0.0234375