0 0.909375 0.6421875 0.0265625 0.103125
0 0.44140625 0.15078125 0.0234375 0.13046875
0 0.70546875 0.28203125 0.03125 0.1125
0 0.7453125 0.48359375 0.02265625 0.10859375
0 0.94765625 0.59453125 0.02578125 0.1046875
0 0.6765625 0.24375 0.02890625 0.11328125
0 0.93828125 0.690625 0.0265625 0.1078125
0 0.2 0.34609375 0.03359375 0.128125
0 0.5 0.7296875 0.02265625 0.1109375
0 0.18203125 0.6 0.03203125 0.11484375
0 0.68203125 0.053125 0.01875 0.10625
0 0.51328125 0.6890625 0.02890625 0.09765625
1 0.421875 0.1734375 0.01640625 0.08359375