0 0.4540961858015997 0.5496006823564146 0.017216243731793666 0.05532416996194378
0 0.47380694371915855 0.46358226931455293 0.01728443989172792 0.05766791996194396
0 0.48950248838802446 0.5424394397707883 0.017952029625171128 0.053793503460041234
0 0.43559623838802447 0.5402429284020819 0.014917957838416563 0.05679116946765248
0 0.5683371598708453 0.17177145410524447 0.020841348904643377 0.07263900395433272
0 0.46851403846716677 0.511079351824067 0.021881011678482488 0.05473392095052709
0 0.49949491699698123 0.3871935242574688 0.014182171945039101 0.0583218359695552
0 0.47470551715526577 0.3251736853221642 0.022943406505633136 0.03761008794672147
0 0.48978494787579363 0.34456035528410806 0.020568564264907253 0.06326400395433271
0 0.5781560922407257 0.04936987209002204 0.03196906551854859 0.052804006425790626
0 0.5046333948936574 0.506293692736538 0.01576740399835046 0.05916675296574958