0 0.26110428449270373 0.5782633616016748 0.030232970779006864 0.03280585594746519
0 0.28770374066121385 0.6237872235420339 0.028561376623205438 0.02647396879233561
0 0.07277776460390603 0.9439270624153288 0.030755122158978576 0.018003049525029978
0 0.4827664192302887 0.9576288777713341 0.030891489853730292 0.025815549525029978
0 0.3879183802733581 0.3620507841483406 0.02610853246740401 0.020101138059640887
0 0.3727746213449044 0.3456412121220732 0.029288079545304768 0.0233899123699004
0 0.38393426379642237 0.3129958084586001 0.02862956047058134 0.03038021879233561
0 0.6361042844927036 0.5586104443705343 0.026340357548481918 0.03338238805964089
1 0.3934183579522238 0.31875448552782154 0.0214210324674041 0.01985547659425162
1 0.8767385616818067 0.9049211211010716 0.016624438311602673 0.013359815128862352
1 0.6518929257264057 0.5671665728192369 0.012745461850553141 0.01471759724103805
1 0.5001311972334659 0.9668843690649066 0.019722164772652206 0.011961089439122219