0 0.2268235160090733 0.6225396530048248 0.04780169574527386 0.02583184293798535
0 0.17263144057891244 0.5383379768680868 0.043123286104353474 0.02731252232113448
0 0.3860399556060271 0.5127401388013654 0.050922150565734105 0.025105140015886106
0 0.4172995668459539 0.3762708047918337 0.03489315046753827 0.08966251785690753
0 0.46456441052468317 0.5769878250843732 0.03925794272021186 0.034275588473758486
0 0.6074932956705191 0.3128008198093674 0.04485395774732641 0.05624604586008468
0 0.19462461524694746 0.517643647322782 0.05169431020665449 0.023556276785361163
0 0.6534693918833312 0.19794738717980756 0.05491475897699054 0.04001707386326192
0 0.17318088642238222 0.5781680900986116 0.026067596311007968 0.04966876339268058
0 0.6849370396203949 0.2942632796313256 0.0400255571815924 0.031945475243233726
0 0.7510710997288536 0.20561779099541128 0.046343734874689346 0.04377331939903506