0 0.7131925327020893 0.2898741497703509 0.01371760200509069 0.038041169467652305
0 0.1790244286680454 0.017446121064257823 0.029914766669318027 0.020740922927693438
0 0.6291362533815887 0.38093554847775657 0.010674418006045272 0.044945085475263546
0 0.3521993940165447 0.1361682406456409 0.03456590400222712 0.017806923916276585
0 0.8249112827020892 0.2944263399982499 0.03393919533736352 0.031056340418179396
0 0.5390010547024074 0.2851190296946763 0.028379538669636162 0.023021005931498983
0 0.6798442307049528 0.30959905935217147 0.01371760200509069 0.038041169467652305
0 0.7019914033656803 0.26677223079699014 0.015125560669954297 0.02482358646384668
1 0.7226584393698164 0.29806865174751723 0.005777832670272431 0.026785334486680412
0 0.8112396813733163 0.3274470870325004 0.024627830004772734 0.036143088441013126
0 0.3374016446928624 0.20662532068369693 0.027516472668681756 0.015957922433401883
1 0.3357931440165447 0.13549973718559977 0.01184601933481808 0.011415002471457925
1 0.3257828920273623 0.21474156821223903 0.016551700668363624 0.013168503460041059