0 0.355673670751087 0.6239021500747548 0.029488052673454224 0.050168171642972936
0 0.36694697807922366 0.5856890777678518 0.037227827339272504 0.04396362343837108
0 0.37509528540736026 0.5474578247427898 0.04244203866963625 0.022120439695149586
0 0.3760588960852688 0.6302703247427898 0.03103237133990877 0.04861476200205246
0 0.61079916478354 0.8644327430661131 0.03114145934118149 0.057989762002052456
0 0.5245349481221762 0.9029907281371943 0.033857379336408935 0.02285169272021186
0 0.37737485339749705 0.474819755460949 0.031768168006045185 0.044713057181592394
0 0.34537087539781525 0.47697715309981686 0.03322158000477256 0.03534714754067192
0 0.3658288260661788 0.48959532776785186 0.03786362667090888 0.03146816861791084
0 0.7860071554344044 0.7490537036421099 0.020358500676317705 0.07120737948849509
0 0.8579383414624031 0.9557082246211529 0.03784544533736352 0.029905668617910663
0 0.8042411767981757 0.9710384978982937 0.013227253341817758 0.057923004203412634