0 0.06460811653323954 0.7756153790521347 0.03028601045275652 0.07884533681758547
1 0.440483702927302 0.2842274556993123 0.026410581555913738 0.025674834186749606
0 0.3761859844973331 0.27862917405869403 0.023353470990217673 0.06676256577089816
1 0.7575376111303933 0.5888800744398648 0.01308382892507769 0.024120039462538934
0 0.414368523959872 0.26472629777856965 0.04235409997176518 0.032053636803468066
0 0.6995460167026488 0.9161552059816611 0.04451583944842134 0.029065144695975674
1 0.7170219430392428 0.9369381428415988 0.02710082629424182 0.024157836817585477
0 0.3987365477079825 0.3325963372411085 0.021328239406069115 0.07209480787839037
0 0.4347111160391293 0.2362904846385075 0.0429456341726322 0.042209886803468065
1 0.3675621424180758 0.3063824477362173 0.016329926266006912 0.05311729472421067
0 0.021949450649401958 0.6792177921639619 0.04199007892507774 0.025803636803468068
0 0.7456592374105178 0.5521991217949115 0.027540442051022396 0.05844183155591374
1 0.0818180033367076 0.734125829066252 0.008859060509226246 0.01842377630835923