0 0.0686848048439013 0.41116565167315516 0.025636325135573235 0.11039367193911023
0 0.5018574157892404 0.06378465635033474 0.019495409444528634 0.12756931270066948
0 0.7766205455723233 0.22688758589519303 0.02191188231716552 0.1414845044486243
0 0.08257406714054144 0.5746233152093085 0.02247496369925477 0.10401633794672147
0 0.90573483206946 0.4543838917129614 0.02337893354682947 0.12514192144481875
0 0.043747916476611505 0.5355899901141683 0.0241101865718917 0.11658000494291584
0 0.4735006116327102 0.10411456665500218 0.017728376365237254 0.09366908695813829
0 0.4934222261922866 0.17047439570447506 0.02026302390590935 0.1265770874524299
0 0.38051368091455096 0.11102775292856848 0.034275526930971266 0.11855634041817939
1 0.5251358345053472 0.08951355578058726 0.01610224385167989 0.08266791996194392
0 0.26471648497288536 0.0164510354375356 0.016656234874689525 0.0329020708750712
0 0.5871888442679045 0.56655887543852 0.022343153492600364 0.08136008794672148
1 0.7887342053114395 0.29278449992563793 0.014530653492600364 0.08104175296574959
0 0.5541945370863122 0.5991458823586022 0.03896757211051103 0.11952859140676253