0 0.880678341813395 0.46201075135473707 0.035618630479127236 0.1288996059474652
0 0.01296815937823748 0.33260113805964087 0.02593631875647496 0.11697613805964088
0 0.7385292673729047 0.7059544239014028 0.029569837675056478 0.1496248637493814
0 0.4373177160917784 0.8843915258921392 0.02842471463952716 0.1417714201718166
0 0.4003292923942953 0.8378130970138955 0.02211690260503385 0.09000420228399193
0 0.4273498647678709 0.7789260979184065 0.024009042389786118 0.1306292022839921
0 0.29258956700140126 0.8306003833099425 0.035963232836492234 0.11956554952502998
0 0.1711233277547682 0.9610686147385635 0.02286176530148092 0.0778627705228729
1 0.46575308519836633 0.86238705110691 0.01895551530148083 0.08905917797373278
1 0.7548499342459623 0.6245782711424408 0.01977315260503403 0.08988137155129756
0 0.5380799270072519 0.3351971093383673 0.04350390508623327 0.13087154172311397
0 0.5083367690255346 0.3516509469684669 0.03149190260503385 0.09049552521477064