0 0.2265625 0.36796875 0.0359375 0.05390625
0 0.18125 0.40703125 0.03671875 0.05234375
0 0.128125 0.296875 0.05 0.09765625
0 0.75703125 0.48671875 0.05078125 0.03203125
0 0.76953125 0.575 0.04765625 0.0359375
0 0.1609375 0.3828125 0.04765625 0.04765625
0 0.69296875 0.46328125 0.03671875 0.02421875
0 0.75078125 0.5328125 0.04375 0.03828125
0 0.559375 0.4265625 0.0234375 0.05546875
0 0.2234375 0.16171875 0.04375 0.03984375
0 0.92890625 0.6140625 0.04140625 0.02421875
0 0.4328125 0.4078125 0.03984375 0.03984375
0 0.91796875 0.5765625 0.04375 0.03203125
0 0.80546875 0.46875 0.04140625 0.0671875
0 0.21953125 0.20390625 0.04609375 0.0234375
0 0.12421875 0.2671875 0.0375 0.03359375