0 0.5612522930089587 0.35995974089530697 0.020295383374611474 0.016974551332783517
0 0.26130387447876213 0.8904872930195132 0.024892992142117088 0.031931961599340045
0 0.5650879224546287 0.39192279473537295 0.021821496071058634 0.016238765439406232
0 0.5157257772931929 0.42386912820061007 0.023456770678164318 0.01784672954602886
0 0.5991696699734295 0.3510333702830513 0.02249358416039975 0.013917747492717503
0 0.47524428825144777 0.6800796757724699 0.018878432588823203 0.020054087226160887
0 0.5070101726595165 0.7910255359598843 0.030342471463952768 0.01492631802583091
0 0.6229734286553726 0.9628885126029193 0.016735889784752267 0.041056909012915456
0 0.5465755169541108 0.4143660960681565 0.01802440798171734 0.01846885517284953
0 0.7416246896181364 0.26865747631383063 0.024165246071058633 0.016306961599340218
0 0.6631185841603997 0.003532792095909129 0.012919531017246655 0.007065584191818258
0 0.5956636803125116 0.359740780549608 0.01055651033908216 0.008889266693047482
0 0.5891760858130296 0.33802490492278736 0.02238442224974104 0.011573997492717503
0 0.466776816787495 0.6662444963055834 0.01827911910658777 0.02393760517284953
1 0.4732451406088126 0.6707501398790926 0.013754284946188022 0.010542694906292737
0 0.4979797750168814 0.7819005885463091 0.024800946856846907 0.0132046936526514
0 0.20354918651325543 0.9438001611244864 0.022367305624352518 0.027957515439405965