0 0.673670723127794 0.6857793738595896 0.0399355192372937 0.026819365177646402
0 0.6055804328391081 0.5897904776646966 0.031951893646730414 0.06622646753501123
0 0.6458433342903869 0.625984842842343 0.047857146641955416 0.03030823821317572
0 0.6088765584296713 0.5501650514860141 0.02500248920022674 0.06824273180303493
0 0.6736781576113646 0.6413208984666955 0.04097222958157989 0.0565068651776464
0 0.6509177254900468 0.5256038531814251 0.04769345553496294 0.02562073821317572
0 0.6293899550716266 0.5791997340748374 0.02537451143274545 0.05656036910658777
0 0.6584425380112513 0.6070721770027427 0.0478844284931208 0.03108948821317572
0 0.7325943776591157 0.9938807024384182 0.045277783665263985 0.01223859512316352
0 0.6601042417321155 0.5876500889134015 0.043115082939624474 0.02852741439185813
0 0.6460764580668515 0.5433178920565547 0.047021332939624474 0.028709350909622698