0 0.6612624923650877 0.6507767103008102 0.04375992368379737 0.024657551695411152
0 0.6760640584296713 0.49201814040843406 0.03396826143274545 0.05696062944567011
0 0.6485814430907271 0.66858279446121 0.04375992368379737 0.02465755169541097
0 0.6503100902808366 0.4940001714256807 0.040726692921091254 0.049475615177646405
0 0.6447272675928313 0.6030305690683159 0.04710317849312098 0.0310531009096227
0 0.11867562204718411 0.19401536559193117 0.048020837748947984 0.03499573821317572
0 0.47798118937771206 0.26492275517179575 0.02146826143274545 0.056378432588823205
0 0.666763469499597 0.5394025626581751 0.04315228847458741 0.05192852708830529
0 0.6772247982628702 0.6821166015333044 0.04074405108845909 0.027637002481199248
0 0.17337802413143516 0.3487542154680967 0.040617565516429366 0.0463506151776464
0 0.36773565934064517 0.3123136395798645 0.04379712921876022 0.04805866439185813
0 0.1087053666048885 0.0653638267168017 0.05376240626060227 0.04306294933804622
0 0.0810540817584982 0.10264765694826006 0.02748264845605395 0.07225814371369373
0 0.6813889978073833 0.7789552142297517 0.03150546034428636 0.03110660483856407
0 0.08869047776748143 0.010181386424888762 0.04534970553496285 0.020362772849777524
0 0.17817710761921385 0.1724635432183557 0.019588302902557687 0.06955052067816445