0 0.5771811391912947 0.37578125 0.02768566598794493 0.12578125
0 0.8163454585040286 0.46328125 0.03446793249628825 0.1359375
0 0.24852611544686204 0.5796875 0.02464587516934209 0.1125
0 0.22826784712949638 0.63828125 0.025590899479601602 0.115625
0 0.37709601424909517 0.9140625 0.03591424581612852 0.10390625
1 0.5979982502271426 0.42578125 0.0166353013340526 0.07890625
0 0.20972912483065786 0.1125 0.026044600859082667 0.109375
0 0.2535101023294207 0.0671875 0.024690140773174375 0.0984375
0 0.15671599446139142 0.79609375 0.038667431591777254 0.11171875
0 0.34847304726578193 0.89375 0.04274077792830413 0.1
0 0.24088062754419132 0.03984375 0.022926244911617388 0.0796875
0 0.7723952261440257 0.8546875 0.028098423789861115 0.11875
1 0.863556893940993 0.68046875 0.02481961555840364 0.07109375
0 0.3458536533247889 0.21328125 0.030155568746907058 0.11328125