0 0.56796875 0.47109375 0.03671875 0.01875
0 0.41328125 0.63671875 0.0375 0.015625
1 0.43203125 0.62578125 0.02734375 0.01171875
0 0.59375 0.47265625 0.0203125 0.01640625
0 0.12265625 0.5578125 0.034375 0.02421875
0 0.11875 0.33046875 0.040625 0.02265625
0 0.1203125 0.3875 0.04140625 0.02734375
1 0.1171875 0.40234375 0.021875 0.01328125
0 0.1265625 0.44765625 0.03671875 0.021875
0 0.665625 0.0984375 0.034375 0.02265625
0 0.54609375 0.50546875 0.03515625 0.02265625
1 0.55859375 0.49140625 0.02578125 0.015625