0 0.9497945319064588 0.6779173425366423 0.03882669000636341 0.04732044267186346
0 0.33660418857418606 0.6772410159532294 0.030223849339590637 0.046439195337363515
0 0.3330321038749603 0.9170938566200022 0.027162484006999676 0.051871582670272434
1 0.322414419239368 0.6883421479551385 0.01748749200349984 0.02598124466899989
1 0.9311718012412771 0.6671980185391877 0.016633516669318026 0.0197221540022273
1 0.6730705892743665 0.42648430124127695 0.009111918006045272 0.04463124733449995
1 0.7212080972708665 0.45170192990136815 0.008367030673136 0.04774715666772718
0 0.711133663271821 0.4447888585694136 0.011682934675363299 0.06418976933481808
0 0.9601604145846856 0.5926520045353697 0.03333066800604527 0.04491305800445442
0 0.6540933226050483 0.44623372724382226 0.028634077339272323 0.04407726400381797
1 0.31614459587846017 0.891512601289002 0.016088624005408825 0.04002556333545435
0 0.6382785132877293 0.3284649719128222 0.034884077339272325 0.04414998933799978
0 0.6735796666136388 0.382734301241277 0.019522706675681435 0.06662442600254534