0 0.6261481607256336 0.45606407167651514 0.030296574673772447 0.05338046034428636
0 0.6148839440642698 0.49471734390903377 0.03880850867281786 0.04664931070710594
0 0.6044464307367695 0.5373041479927178 0.04479487933640893 0.024211315516429365
0 0.6045106127466326 0.6099331161415524 0.03725509933959063 0.04737599700477517
0 0.36248346069381693 0.2125769333872623 0.03421191534054513 0.05429811960011346
0 0.6042186167249973 0.45061267984388315 0.03337612133990877 0.049583337748947895
0 0.6349975440801782 0.6125596083370041 0.03481135200509069 0.03870040145127884
0 0.6144850494111782 0.5946627802067029 0.039389764003817974 0.029489092558271323
0 0.1105567866804539 0.10538195916315991 0.04176987667090888 0.03269593811176765
0 0.4510550646880899 0.17349956442012107 0.034765898671227015 0.03479415145127884
0 0.13757272533418177 0.011051605805115312 0.043895450668363534 0.014027783665263962
0 0.16887781667727225 0.083990598000567 0.0163522533418178 0.06304563702330857
0 0.08072328866963623 0.024685030670039076 0.023946577339272457 0.04456845553496284
0 0.18237888470717994 0.304685043916883 0.021993726010499516 0.0780803599814666