0 0.09518646049385407 0.2083170149289188 0.0326480153230392 0.07282896682251269
0 0.4364480608350463 0.6859708788993201 0.042806923916276676 0.03461589451560983
0 0.7327634204562354 0.022227583228800904 0.04352450692008212 0.03305793969514968
0 0.7692499960828483 0.38094859825591554 0.026606262357289624 0.058734650565734015
1 0.780221988174183 0.3435213211285525 0.01033000494291585 0.023492042154477664
1 0.7525347509885831 0.009064507896835935 0.026944501977166267 0.0095295361043535
0 0.05538381425790634 0.30493748487468947 0.04167550543720746 0.026017599336070063
0 0.3958403068807136 0.6669890747427898 0.02223709733826169 0.06651987948849528
0 0.41948871250820147 0.6147953156676035 0.019239431330650446 0.06962669877033605
1 0.11237130190061664 0.24668916851971495 0.00954875494291585 0.023487496974937905
1 0.46337797535978276 0.6759737101832133 0.0315510889353046 0.02673976200205246
0 0.45559465026464246 0.7149816680287356 0.043093425399151286 0.04164714451560982
1 0.3878540519377977 0.6435106681269315 0.014537343878220543 0.050072722872636886