0 0.16901034528168418 0.3845055526210418 0.025800526018453684 0.13650119766329868
0 0.41030860196531976 0.2650879778672573 0.022566438017181056 0.12705346248093755
0 0.6958450179424117 0.44052961464447976 0.024010759349135567 0.11693358007211803
0 0.5549081985598685 0.7998474504161811 0.026990308680772124 0.10450631525447918
0 0.7225706026018666 0.4942910474901395 0.02787155601527207 0.11311824905006951
0 0.6461926526495917 0.1408556165443408 0.02559144068268111 0.1185324476632986
0 0.5341411652212325 0.8384371717308337 0.033930652013044946 0.09685746941479181
1 0.3840091839592746 0.3090191626127781 0.01806020401018138 0.07540004350298615
0 0.9790638612349136 0.747984317626112 0.025436899347544895 0.10525119766329868
0 0.1775377239020045 0.7262027433504862 0.023211328015590206 0.11535289627652787
0 0.7934045546626365 0.048162236319722884 0.020203959341181486 0.05826709488975697
0 0.9550440112190053 0.8646444875539938 0.03556587734722676 0.10314383700597247
0 0.7742405485757768 0.6877332293858688 0.03340394068268111 0.11871428561920147
1 0.11954450525145832 0.6060707748856251 0.03535679201145401 0.08517508700597212