0 0.388077657157657 0.6007015951336163 0.039700354838564246 0.03269837891096028
0 0.3927566567433723 0.4500568530261241 0.0449871683207995 0.029110647326811723
0 0.3181526089769026 0.5128368450630291 0.04800300641014079 0.026948907850155378
0 0.18695611290584407 0.5360607844126285 0.04148117865988179 0.037476884172632195
0 0.19364491460125516 0.49281901862761296 0.04569564371369372 0.02759364995764777
0 0.6142036253118409 0.3124981269154089 0.03906465405277597 0.03577787628012441
0 0.2162604691921503 0.5592861818100274 0.022223910462916763 0.05895006577089816
0 0.7314874787026631 0.21996274544419983 0.04598889619489306 0.06734639469597585
0 0.7900106081483331 0.18460980339317734 0.04318922787409356 0.040692889434304026
0 0.24374976840636203 0.5545685897307701 0.018317660462916763 0.05872255261671846
0 0.0017303483271068406 0.8694101526590707 0.003460696654213681 0.03058984734092931
0 0.6885936573625449 0.18740014540184755 0.019535558105551944 0.06814305524755442