0 0.11035931908927907 0.8620406619159094 0.024867348821136392 0.07407399749271733
0 0.4333630093543591 0.36380671654739816 0.03802392342198502 0.03309965650563296
0 0.7621923690127294 0.6440076597378314 0.028009594866803766 0.05543765775927412
1 0.12389257848081922 0.8178503927155795 0.009294086958138293 0.017437552586424942
1 0.4000557608372339 0.3557979882550105 0.016099843878220454 0.0504091769596041
1 0.7769896980622023 0.6647748008040582 0.018061591901054184 0.04110237311953817
0 0.7042300414089502 0.9996044897231343 0.04073508794672147 0.0007910205537314142
0 0.4303998354380825 0.39813625244077544 0.03839133794672147 0.022966138558944315
1 0.45582825836577595 0.36915344609342704 0.030020422433401882 0.02818483597251964
0 0.4504841837649273 0.32754260761362497 0.04164367193911041 0.02618206677218975
0 0.4049488492782469 0.3316928985215672 0.022205263840164413 0.06619330133278352
0 0.05944275931717806 0.7487079361308042 0.030321511368706512 0.05472460391920819