0 0.7263528888587549 0.24662489323930492 0.017106586958138336 0.017569359707395905
0 0.669570920036306 0.791430206593923 0.032014003954332716 0.019477351823611145
0 0.7492001398473381 0.2507850631671869 0.03145558844101313 0.02492791802802081
1 0.6477914205305976 0.7942831028704509 0.014508168973360824 0.011264808320624908
0 0.3721321873365116 0.8804622178961804 0.03279525395433271 0.019495535619201122
1 0.22877216509339013 0.7782301835112498 0.02069450197716636 0.009847778685347208
0 0.8769563612156072 0.5074324938286451 0.030243256920082118 0.03348530043684032
0 0.8383076966908707 0.518497933608159 0.028394255437207506 0.02641768284565966
1 0.7128660504177419 0.22269708396874943 0.022575336958138337 0.017696646276527873
0 0.7267057159310616 0.21690102564812444 0.029956755437207504 0.026454050436840328
0 0.44888841653908385 0.38445742724298576 0.028266921444818748 0.023292682845659753