0 0.8566207639469601 0.73515625 0.018922716822512696 0.0296875
0 0.31621587334017515 0.1015625 0.020439765027114642 0.021875
0 0.49830673155503985 0.24609375 0.02510908430895533 0.01875
0 0.4581130027304745 0.1859375 0.01804147287263689 0.0125
0 0.5922567194547914 0.28046875 0.017351126463433175 0.028125
0 0.9204792517485159 0.834375 0.02520453307929138 0.03515625
0 0.5724992522394952 0.51015625 0.014212490924813715 0.02578125
0 0.46956164636232156 0.8109375 0.019013620413308986 0.0453125
0 0.49193855688700483 0.22578125 0.03055056323171641 0.0140625
1 0.4464260689872532 0.19140625 0.009415906615858205 0.00703125
1 0.4489016291939077 0.2140625 0.009415906615858205 0.00703125
1 0.49981468940056206 0.23671875 0.016456246974937905 0.00859375
0 0.4386772015008106 0.20234375 0.01960851805217665 0.01328125
0 0.5841407341873184 0.496875 0.019590337334017605 0.01015625
0 0.5629838725546084 0.6203125 0.024296018052176648 0.01328125
0 0.5599315954272452 0.6328125 0.02976931323171659 0.0140625