0 0.5219094224705829 0.42265625 0.031901257414373774 0.03515625
1 0.5264350963868596 0.45703125 0.024297004448624194 0.02109375
0 0.5429368468811511 0.459375 0.03301808844101295 0.02421875
1 0.5349360044858054 0.41640625 0.02367492193911023 0.025
0 0.5010239195048334 0.40859375 0.02074092292769336 0.0296875
0 0.09214503212895317 0.15234375 0.03145558844101306 0.02421875
1 0.0763144436879401 0.128125 0.023356586958138314 0.0171875
0 0.9128076309872707 0.62109375 0.03292258794672165 0.021875
0 0.8874521453217266 0.6890625 0.03539367193911005 0.025
0 0.8339876112156072 0.52734375 0.032890754448624195 0.02109375
0 0.40937220216525916 0.95859375 0.031232753954332716 0.01875
1 0.9517719718997416 0.65703125 0.020949169961944136 0.015625
0 0.547245003497222 0.41171875 0.03180575692008212 0.0328125
0 0.9483113908731025 0.66796875 0.03923625494291585 0.0234375