0 0.74921875 0.76015625 0.021875 0.11015625
0 0.7734375 0.2046875 0.021875 0.1078125
0 0.7546875 0.1078125 0.021875 0.11875
0 0.7296875 0.71015625 0.0203125 0.1109375
0 0.3984375 0.47890625 0.02109375 0.12578125
0 0.1546875 0.5359375 0.028125 0.1328125
1 0.740625 0.16015625 0.0140625 0.0921875
0 0.6453125 0.3140625 0.01875 0.121875
1 0.37734375 0.525 0.01171875 0.08359375
0 0.18046875 0.94453125 0.02265625 0.1078125
0 0.8265625 0.91640625 0.04765625 0.14140625
0 0.61953125 0.9546875 0.06484375 0.0890625