0 0.3494103861116324 0.49206161347888056 0.031705248100139014 0.05489960260260105
0 0.37457077422003504 0.32944051613795133 0.040443815254479175 0.028101884172632197
0 0.3624162663362503 0.34501230823132617 0.04035289627652787 0.024195634172632197
0 0.37613458064079897 0.3966280161379514 0.04504039627652778 0.024468649957647682
0 0.37290243749840324 0.4930402845538028 0.03546602773541672 0.048877115756780755
0 0.6275756729651047 0.679260692686307 0.04160692496187508 0.044553636803468064
0 0.9073398274097577 0.8679312666320615 0.021894490216354257 0.06915181840173404
0 0.3453553996950003 0.3178428634788806 0.035156903210381965 0.035595865756780753
0 0.35934777735416706 0.4484558266471777 0.03935409393982638 0.04832337891096028
0 0.8700197057345147 0.7770101350196782 0.04440461664124982 0.030673147326811902
0 0.5341536344961118 0.7324227610174538 0.028234755983923776 0.03987384207925739
0 0.8118623668286812 0.7991728323323726 0.022693924011944235 0.06997857103256991
0 0.8644262820069105 0.9064169139588735 0.04967399810013902 0.05594616311182747
0 0.8139482776385074 0.6199025612856851 0.031033100873680653 0.05954159997176518
0 0.34475402801975713 0.22478310821720876 0.026508601823611144 0.03275158681758548