0 0.6403556749420408 0.43799750809322757 0.030162343878220456 0.05016362646343318
0 0.630914349352609 0.4746526255796704 0.03846959239534584 0.043182373438370905
0 0.6224452747517605 0.5159997882456528 0.04304700444862419 0.021339189695149585
0 0.624529039580508 0.586307743066113 0.03693892589344294 0.04395453307929138
0 0.38200071098814564 0.21232884582002862 0.03410042737631773 0.05096760236113216
0 0.6198521739534577 0.43319183342519263 0.0331281763877346 0.046275557181592396
0 0.6542483730786053 0.5872617098886257 0.03427684091247087 0.03612839754067192
0 0.633267369618564 0.5707372852205908 0.03780108893530461 0.0267761234383709
0 0.13833694121648216 0.11718347570130731 0.04105342292769345 0.029919304156530258
0 0.46553345258518863 0.1729805203898678 0.03411767342198502 0.032222147540671965
0 0.1615741699619439 0.016561306985200627 0.04346083992388783 0.03149543969514968
0 0.1936637697716635 0.09485447862817356 0.0172630958553869 0.05946135841125635
0 0.10749150642579064 0.031086894417414006 0.02435801285158128 0.06106476502711465
0 0.21319631425790636 0.3058556111417309 0.02333668231923358 0.07433692466803503