0 0.11179964213197076 0.7262879902607674 0.0202649123699004 0.029233532467404188
0 0.6766676413390013 0.09043885024817659 0.021458920171816588 0.022229556006354435
0 0.489487466644629 0.2365440572274657 0.025201395861557074 0.019172739853730292
0 0.5316616785395596 0.17648721875370718 0.01862384724103805 0.012813645697928911
0 0.39471719923177445 0.27254183279501093 0.018620525214770645 0.02764375892845372
0 0.04414075135879638 0.825816431818781 0.026801517412854546 0.034811376623205346
0 0.4038963681603954 0.4995173900191814 0.015372694482076099 0.025245461850553142
0 0.49142186510817776 0.7953735864484589 0.021083783921197963 0.04485853246740419
0 0.4967610560837509 0.2169037130716643 0.031205734396167806 0.01459433400953163
1 0.5430938234966054 0.18175141721157964 0.009743492198083814 0.007194891233702006
1 0.538781459747224 0.2044622142894803 0.009702548620519025 0.0064136412337020944
1 0.4884162895754075 0.22719633076641604 0.016856629353213748 0.008880122158978576
0 0.5503331134106972 0.19255254951682793 0.02022729081860284 0.013622169236879245
0 0.3920924089789984 0.48645432833078406 0.019241322930778536 0.009702282467404011
0 0.40758021087887775 0.6079474987854793 0.024914790818602837 0.013703989853730291
0 0.4108313636378398 0.6203793149381035 0.030424484396167628 0.014580697240056395