0 0.44723467558271396 0.40829259144394364 0.029079864790790035 0.028489755931498984
0 0.14790679817805225 0.3929753616727177 0.03934524219545166 0.03202859140676253
0 0.2746875529873757 0.4043823883644634 0.01313740626060227 0.04110250247145793
0 0.31068954037350394 0.43003364577883724 0.011574906260602268 0.041038835475263546
1 0.2640228714990299 0.41174921939110265 0.008767364790789944 0.027662084980972067
0 0.8207614225026709 0.13564158900966677 0.032767859981466786 0.022398923421985018
0 0.6662723630615094 0.3360833049035472 0.03918155108845909 0.02734109140676253
0 0.367405821043543 0.5126989071475437 0.01572669292109108 0.04822925296574958
0 0.6423958642426358 0.2555363004549229 0.039744546279135665 0.021122924904859806
0 0.16500501814098537 0.43579953163466156 0.030915183302444228 0.03636592292769336
0 0.7003001003628198 0.03711656429508739 0.0222296640651507 0.011047587946721482
0 0.673402783665264 0.07112680836358834 0.018841769237293703 0.025732170456235503
1 0.6757837723173366 0.3403715568807136 0.018487105172143182 0.015575920456235437
0 0.2887128474524128 0.3815497248283101 0.01671627404661713 0.03188666996194396