0 0.26624564878176776 0.7068504845801019 0.05580167243340188 0.027661912567786474
0 0.843657088478194 0.42434004995311775 0.04511884041817922 0.03384828005422928
0 0.9592741823192336 0.07978204975672605 0.03220500494291585 0.02361930718159235
0 0.2548651384016444 0.6575771924256242 0.046426672433401886 0.027607370413308983
0 0.8449131823564147 0.4743355047735779 0.03317459733826169 0.06658351200205245
0 0.674823516843095 0.4788134056338997 0.04586825692008212 0.033071575233769225
0 0.8120860949039848 0.45461790241244576 0.02145584733826169 0.06651533430895533
0 0.7553731798849567 0.46209860430603983 0.0495344263877346 0.046371005951928265
0 0.05278662113861991 0.9696085180521766 0.02772309338392893 0.04780624092481389
0 0.7647534970714315 0.3856088271786767 0.029922263345872935 0.06344033128389323
0 0.23811533159529294 0.7832311773985096 0.06168425790866543 0.03784997882456516
0 0.6663677352084335 0.3287997700952802 0.04017667243340171 0.027571008976990365
0 0.07978286125278818 0.9229016896951496 0.049279758402956994 0.04012100595192862
0 0.2353431586675995 0.7535345870394299 0.05250025889724856 0.042482936670087665