0 0.4327006680256538 0.8911250013311802 0.03815061079489297 0.0828858883927431
0 0.6776582065788426 0.5925738260849647 0.038386390015886104 0.05165407218833344
0 0.6805082913991531 0.4292925760849647 0.046157979707460585 0.049492160144236054
0 0.6726803802799487 0.5645761126540967 0.0446636635548364 0.053362042553055565
0 0.6577253563339612 0.39233808995267305 0.04004434740221221 0.05715918977951393
0 0.7000610864484589 0.5170828636040271 0.048365362012708954 0.04173421153100705
0 0.632103793427748 0.3390500890027425 0.03290400324641087 0.050745535619201476
0 0.5716013011416811 0.7629428371028815 0.014658563716992035 0.07921537452503476
0 0.5371620714342205 0.8121622403132636 0.04133411201270878 0.041570557370694414
0 0.022823807226641877 0.7804317291984375 0.045647614453283754 0.035484211531007046
0 0.7048207244357501 0.5575805770348952 0.03612446063273715 0.05628702080156245