0 0.6482245201359724 0.2294646364794926 0.03333983007211803 0.02418451674922295
0 0.932684666315591 0.8583172667537322 0.037173344889756876 0.02124145326698752
1 0.611668771085903 0.2045759524429273 0.02151197729857639 0.018951207195929066
0 0.30720143626413227 0.3290324127392283 0.03010572729857639 0.019351467535011314
0 0.5507235386564242 0.7447151089769026 0.03159549211621524 0.016299242142117264
1 0.07357981040791732 0.7755415014477421 0.01584320554708336 0.010102746071058632
0 0.6264034183123612 0.19919709367542168 0.03103244766329851 0.0256378548385642
0 0.2163323144919799 0.8603980368082148 0.03403016109416672 0.02031465405277615
0 0.7741025680073615 0.5301837663394474 0.035047800436840325 0.030507291356328813
0 0.7317695976426394 0.5258986807313055 0.030269381458888845 0.026382717535011223
0 0.9268866483638203 0.7436190659679439 0.030905161094166543 0.020169104838564246
1 0.5345718617946881 0.756416742351514 0.020694359707395905 0.017352319892376046