0 0.8611218196951139 0.34033212344840374 0.03186144813656426 0.14951874200349985
0 0.5267467500743621 0.7963793920671333 0.03121019072219049 0.11437158267027261
0 0.04755399859148733 0.7837755633354545 0.03524377471457936 0.11754203600413611
0 0.5896421146384672 0.15522822807922362 0.02904019566510634 0.13777272000318166
0 0.04113821942828368 0.6454852226686818 0.03277269072219058 0.11438976400381798
0 0.8779843034206725 0.6583463267822675 0.03256444368794007 0.12844317333704539
0 0.2984626522046278 0.3298805933720437 0.023907026691745693 0.12678067600254533
0 0.5133262372227808 0.7353146227323151 0.029393022737412976 0.10810340133672725
0 0.0776288177551285 0.7169698713399087 0.02942485623551021 0.10888465133672706
0 0.2523529506452034 0.5589226560311804 0.029806858212676524 0.11825965133672725
0 0.3146341388587549 0.26681751937458903 0.02631444368794007 0.12837044800286349
1 0.6180682035737719 0.18210890141626893 0.019971601786885885 0.08769090400222716
0 0.332092258402957 0.04368910204486157 0.03918451680591399 0.08010567067154524
1 0.8857556996566203 0.5616076867838583 0.01893568380210837 0.08143181333545435