0 0.8874502179429282 0.6218452219078509 0.029907462661331864 0.1484675920792574
0 0.6189478595836675 0.8021598663920653 0.02509723173605547 0.14116332629424164
0 0.30553774472828954 0.6042276845114506 0.024742675729700993 0.12085082629424182
0 0.49560896022899525 0.2224408162650083 0.03320005803494937 0.11353885523343692
1 0.6477546980574259 0.7614592716819719 0.014808568181219072 0.08827354472421067
0 0.32628089286185047 0.6677973608480446 0.023343816963403086 0.1301348210325699
0 0.8856924435899038 0.2754252482162101 0.027222793424452617 0.12879983418674962
0 0.061052728085902744 0.21341078164061827 0.026868237418098295 0.1084873341867496
0 0.25009013433713845 0.38268588445498086 0.023248359577076806 0.12466607103256991
0 0.5206731899364557 0.17259273470909464 0.02360686972334669 0.10049282366340591
0 0.020862330359378945 0.32501541055157857 0.0370653977265238 0.11142261838761662
0 0.018620007102553578 0.1426124342291019 0.037240014205107155 0.12566712891096027
1 0.9204747723244295 0.3842241245669217 0.027226747564368027 0.08431408681758557
0 0.3622284809318671 0.9333999740445765 0.03591595495069413 0.09028336575678075