0 0.42909602612309206 0.6637518651487516 0.04720792243340188 0.027611915592848747
0 0.22745261308123035 0.6477415666495621 0.03417868182494201 0.0720568071815924
0 0.7641766106469534 0.2611161818965096 0.043857429353484176 0.060397144515609825
0 0.35212896091378354 0.5782825186413519 0.05258117193911023 0.02529998184962743
0 0.19218095794803405 0.593272235267473 0.045995590912471004 0.03619657523376905
0 0.7443296842592189 0.30731447102592524 0.055098676882026076 0.04874657220870695
0 0.8300562786317311 0.25448438681516566 0.05116059338392916 0.047942596311007966
0 0.19943238384147702 0.5494904190106944 0.04551808844101304 0.024477825233769224
0 0.4284633092406283 0.5067615217646099 0.04652217292769336 0.029951120413308985
0 0.6726828359323741 0.3788081968254284 0.04473683844101313 0.024473280054229284
0 0.7428971768448451 0.3424707210259252 0.05202275642579064 0.030764186670087578
0 0.7104613616355365 0.25674229928475645 0.040318593878220454 0.0502227137974506