0 0.774938829142594 0.5567105541056315 0.03769089754067192 0.03324885200509069
0 0.7705058591968232 0.5129060101049951 0.0415789668225127 0.030169305338954188
0 0.6484945038106289 0.5349253660884505 0.05014544574527378 0.025581802673454133
0 0.573022326019336 0.4809185714114964 0.04391817164297294 0.0294153273392725
0 0.5713593111886132 0.6324719807447237 0.04158351200205246 0.03095055533895419
0 0.741249630372258 0.5727259054344044 0.023019864363184796 0.06276362933640911
0 0.27446769311299524 0.228990255370771 0.020717020979043 0.0697676073360908
0 0.17446314793345544 0.22860790002386255 0.04474487343837104 0.037236918006045186
0 0.7107217930382405 0.5825276194302683 0.02450055113146803 0.048719310669954295
0 0.3566120517206433 0.3447976160486796 0.0400755541565303 0.040307374005408826
0 0.9526946278381752 0.8908326574633577 0.03215396984757497 0.02146646733768165
0 0.05223466569104459 0.0193590746737724 0.03615112343837101 0.03713692067154523
0 0.2317893137226959 0.312874359365044 0.04705226200205255 0.031014190006363317
0 0.2266887232654204 0.24952947469763495 0.049623270979043 0.07010396200668154