0 0.5653905896882792 0.48214696301188376 0.040198306006354476 0.020544304156530302
0 0.40207988635914277 0.6585225897699044 0.040911372158978665 0.01664259933607006
1 0.4221878348170153 0.6469220144379395 0.029905688311602674 0.012672716822512697
0 0.5927616132272295 0.48386854429577697 0.02217500892845372 0.01731476502711473
0 0.08887472848634927 0.5715528131335207 0.03796365016215579 0.02678066861791084
0 0.07993255641009622 0.32777554205628184 0.04417273985373029 0.024473280054229284
0 0.08333997442915948 0.3887266775949013 0.04504944724005648 0.029946575233769045
1 0.08050134658813805 0.4051147468767421 0.023682961850553054 0.014198855386194253
0 0.09150307629559859 0.4536113342107596 0.039471603084255104 0.02366475897699054
0 0.6630960637169923 0.08275601707021811 0.037141489853730295 0.024432373438371034
0 0.5418127678536122 0.5187248124461497 0.03792273985373029 0.024436918617910842
1 0.5556161692335839 0.5039628756778661 0.028425008928453722 0.017351126463433175