0 0.6466708452867331 0.7454031923654971 0.0315192554372075 0.02631308400953163
0 0.37492447376536486 0.5264450921239112 0.028489755931498984 0.02860228693163087
1 0.6328630132715107 0.7389077305149442 0.02322925296574958 0.014457966314779825
1 0.5674328977188224 0.09981222848634927 0.019291169467652303 0.013608532467404077
0 0.6684476861992042 0.7098202483718516 0.03233233893530461 0.02710797077900686
0 0.990769580038056 0.03293006046399072 0.017456755437207504 0.026067622158978575
1 0.3573695592406284 0.5159751964259823 0.011383168973360735 0.011128414772652384
1 0.9902602440685009 0.045430060463990715 0.017760502965749225 0.014362508928453732
0 0.5850514792397533 0.10871962418427816 0.03276342045623544 0.018527857548481963
0 0.29177366452473646 0.015256401783713578 0.0351708374524299 0.02013126785690748
1 0.1448748068063515 0.12839950973923264 0.018414418973360734 0.01125114569792891
0 0.8039209070731814 0.45497088148787884 0.03261884041817922 0.034139220779006864
0 0.7644100795065835 0.42691801947516994 0.03148742193911023 0.02553183400953163
0 0.9905374752854208 0.13456074431136655 0.010139003954332537 0.018913641233702004
0 0.6487572687087182 0.7133855791349724 0.028984504448624195 0.021584673701106106