0 0.6714951456939602 0.73671875 0.03060056020665449 0.02265625
0 0.6488116246167215 0.74140625 0.015711358411256527 0.01484375
0 0.34625477205919747 0.64375 0.028243174668035033 0.0203125
1 0.10881542203575638 0.23046875 0.019594882513557323 0.0109375
0 0.7887745910464506 0.45234375 0.031413626463433174 0.028125
0 0.24920913876007322 0.1359375 0.03291703912941557 0.01796875
0 0.7481268651487516 0.45625 0.029069876463433175 0.028125
0 0.6501968626146688 0.771875 0.029823855386194253 0.0234375
0 0.9415420845053472 0.1109375 0.03683237948849509 0.01953125
0 0.5643250786516146 0.2234375 0.043123286104353474 0.0265625
1 0.6353894740509872 0.765625 0.02507272287263689 0.0125
0 0.9401154190106944 0.221875 0.03058237948849509 0.01953125
1 0.5526381449083934 0.21796875 0.021189198770336048 0.01640625