0 0.1802359040817755 0.3096527768327754 0.025840858214864638 0.14467669574527395
0 0.5182792421031641 0.7553844751121321 0.02642212031511306 0.11030624092481353
0 0.9808201487190225 0.7510439713996989 0.029565301033272106 0.11344942164297293
0 0.43594606947823245 0.13535325536275317 0.023424385342227794 0.13216306020665444
0 0.9823786244203296 0.6174547665792388 0.027984620315113062 0.11031533128389323
0 0.1737666937021704 0.6158755057555366 0.027285183546829607 0.12437328610435347
0 0.7232273799794745 0.3089054266129426 0.01867779800821019 0.12197953912941557
0 0.5295576305686497 0.6968543576256895 0.024823258878794618 0.10404715056573402
0 0.9491661486208265 0.6860138690385668 0.02482780405833438 0.10482840056573402
0 0.7758473441697087 0.5303127940011894 0.024096551033272285 0.11341760538619425
0 0.7056176991631193 0.24708213748352703 0.02103063836728971 0.12355567466803503
1 0.4100193737329586 0.16020326443793947 0.016115879390299348 0.0844659035907962
0 0.6810591024593281 0.03677589655871333 0.03475679508134384 0.0658249878997516
1 0.16337007006740767 0.5228431232419792 0.016084063133520666 0.07899715359079629