0 0.5908961427004245 0.6184814445815039 0.03113587891096046 0.03861760467059074
0 0.16826633966018295 0.19400289664227385 0.03347962891096028 0.03864487667090888
0 0.21972242384693255 0.1684210939688196 0.029520171004335082 0.05109033267027256
0 0.6054969689946663 0.5956706532463676 0.03260737364928836 0.037073286004136105
0 0.6274097663497129 0.5813627052435042 0.031826123649288364 0.03706419533736351
0 0.2508344579066252 0.011122763983932558 0.031143584186749607 0.022245527967865115
0 0.6047604926016025 0.5144842879137768 0.036430323663405775 0.022284080004772378
0 0.20728552410104636 0.4355722313017287 0.0327893841726322 0.04019828600413611
0 0.24460059748210355 0.11660405529918338 0.04063968152767883 0.05434260200509069
0 0.13802437379046278 0.11003697664704637 0.025105686789350656 0.05572328866963625
0 0.6138701820923761 0.5323348592457313 0.03946431840173403 0.020757942671863462
0 0.49532239234748854 0.24875129459741227 0.022397915742663345 0.04944601666931803
0 0.40398403178179254 0.20843592461013896 0.037476884172632195 0.040252830004772554
0 0.6009753399425316 0.4856416725811858 0.02907284997176518 0.03000567333704538
0 0.6191338057416645 0.49557974657864035 0.029990607864272788 0.03235851400381797
0 0.20832073421498443 0.003573893320341507 0.034921031570031145 0.007147786640683014