0 0.6669596023922921 0.4609960487320607 0.031577961531007046 0.04925304952503016
0 0.6773710787409379 0.5060186216628392 0.04011716014423623 0.04735967887824373
0 0.6889800727570142 0.4683924689038772 0.030106380508958353 0.0530774123699004
0 0.5134475170018404 0.16814240614986398 0.03564721248093754 0.022936210990419426
0 0.6712490185204517 0.5447126294647553 0.04425914627652787 0.024167840343633173
0 0.6682889791015283 0.6186857179993661 0.03406718189572917 0.055625880257724705
0 0.4252396553945835 0.20019358830746814 0.02957970364722229 0.06397396879233552
0 0.13008754350298612 0.023984133875769406 0.01955008700597225 0.03535764586155703
0 0.1638280702884723 0.09910032055592932 0.04445916802802086 0.03276159034363304
0 0.2016534189779514 0.014469693011737991 0.047056837955902785 0.010269114653892557
0 0.6804071193941323 0.6029345652404041 0.03837282218833345 0.03946529172311415
0 0.2187876740119445 0.08013231456303552 0.012664960581076468 0.07479196008590824
0 0.7039900897588547 0.6104128725673503 0.03348530043684015 0.030625880257724704
0 0.2424115844405211 0.3240427668470277 0.01866038744281262 0.06418200870642732