0 0.5983539551290145 0.18717132336960027 0.029878052728868454 0.13896321159934022
0 0.8514510682397463 0.34630359712227665 0.034257337675056475 0.14923312186589702
1 0.6212434915229446 0.23321124907556318 0.016357054176610396 0.08317621285298146
0 0.2920931848651348 0.3464564290046682 0.025280443961362663 0.12400580133278342
0 0.2627288624915593 0.40583978919208263 0.03142128205070396 0.12184390775927412
0 0.42231776241050606 0.7586107511871342 0.03489088440806896 0.11258256802583091
0 0.005204258790023565 0.7961990500791423 0.01040851758004713 0.10943483597251955
0 0.8239573451231639 0.7014540983759179 0.027170429693339316 0.13108251543940613
1 0.8779621025667618 0.5833322356812211 0.03439857878371626 0.08526155007914227
0 0.4418275876795656 0.8100284986798517 0.03943283519385723 0.10959396034569906
0 0.19245694210384512 0.6212769210871094 0.034691831264915686 0.12505983597251955
0 0.3564832863939301 0.05574651246990532 0.04168453990858678 0.09093488855894435