0 0.17890625 0.18046875 0.02109375 0.06875
0 0.46171875 0.65625 0.034375 0.03046875
0 0.78125 0.403125 0.02421875 0.05078125
1 0.18984375 0.22265625 0.0078125 0.015625
1 0.43046875 0.66328125 0.01328125 0.046875
1 0.7953125 0.38359375 0.01484375 0.03828125
0 0.740625 0.053125 0.0375 0.0296875
1 0.7625 0.04765625 0.025 0.01640625
0 0.46015625 0.62421875 0.03515625 0.0203125
1 0.4828125 0.65234375 0.02734375 0.025
0 0.4765625 0.69140625 0.03828125 0.0234375
0 0.434375 0.6859375 0.01796875 0.06171875
0 0.12578125 0.2859375 0.0265625 0.05