0 0.3588268013992905 0.46792664292088093 0.02948892319868044 0.04834896879233561
0 0.3674396202830513 0.602175490161919 0.038159229546028864 0.024621541723113972
0 0.37847171166584725 0.4650439823600029 0.03337244114536908 0.047772436680159916
0 0.36791464489365755 0.5051776594292244 0.03716503087881247 0.044070904567984216
0 0.3799001678549111 0.5504049502478272 0.043582515439406236 0.02334564676606803
0 0.3787037292168245 0.6184146438253921 0.03615646034569906 0.03621746099041943
0 0.8546838368304494 0.17937199174379864 0.04162521034569906 0.03650406603337353
0 0.8900650588546309 0.09281037200152345 0.025483384798020835 0.0715408073269463
0 0.6158139019532864 0.2677882813192061 0.03573892319868044 0.048676517412854545
0 0.3489025689502678 0.6207650378779268 0.031355300079142265 0.03206554952503016
0 0.5295868969387215 0.21945260063194003 0.031355300079142265 0.03206554952503016
0 0.8359458601874146 0.07041307157198212 0.043437762932124 0.045179703188503305
0 0.796726584323167 0.15442622342643295 0.021949207838416564 0.05731453301668674
0 0.7863333389420205 0.3502743119610437 0.025551580957954557 0.07388455732694635