0 0.8525909862002823 0.15338265533931206 0.03538412094116268 0.05801248789975162
1 0.27025399878218404 0.04297433694123406 0.015239216314779914 0.02274260841125637
0 0.296816498782184 0.04312887304558756 0.03944432954530477 0.022102258976990453
1 0.5578759188265469 0.6781770804983264 0.032372169236879245 0.01971760236113216
1 0.8351540702098138 0.18374686620989644 0.009688645697929132 0.01802329215447771
0 0.23962693059766965 0.43650616832332323 0.028243776785361163 0.05172158128389341
1 0.2237155584386911 0.42000901473252705 0.01998126339268058 0.02589487948849527
0 0.5983839163909149 0.7612168394753168 0.012877875405389361 0.06647442769309712
1 0.6042520868456102 0.7393782009116354 0.007931276785361163 0.0516034066158582
0 0.5741282102224047 0.7142054840891225 0.04117047077900686 0.031486349336070064
0 0.5822759009696394 0.6439475262436003 0.037854556006354304 0.020530668617910842
0 0.9122853603878557 0.2615314986252579 0.01438582832748878 0.06335851805217674
0 0.5776253571381496 0.6907907099868217 0.02886138555165907 0.04235112646343318