0 0.6523968181810801 0.3325663913954312 0.029517081637205678 0.027380853919208283
0 0.4115106258467106 0.5736159740692456 0.026678686680159915 0.03275867570596276
1 0.5829241169131407 0.986574278305023 0.02327040366347326 0.012377979546028683
1 0.6416640360689045 0.33615439264907243 0.022857645861557075 0.0193864974927175
0 0.7700501441640764 0.6425528083259054 0.031738000904511135 0.025105300079142266
0 0.7983488845531379 0.6020331084050478 0.0319836623699004 0.029792800079142267
1 0.19461188941437796 0.9300321439692206 0.01784259724103805 0.01300010517284953
0 0.5994155760945379 0.9737931334778723 0.034081750904511134 0.025173496239076342
0 0.9956828598474086 0.953673479413015 0.008634280305182785 0.02041780007914227
0 0.651278053481759 0.37075671318218584 0.028121677973732596 0.015639371865896923
0 0.6680970612836752 0.3642255683550354 0.02840828301668665 0.021108121865896834
1 0.3973219730877487 0.5856840650563301 0.012251016508343326 0.010497230799670021