0 0.9182862747644073 0.505139039521287 0.05378474282842376 0.15453438730530317
0 0.6307763510806099 0.47414012595602506 0.029392378037633903 0.12650867570596294
0 0.8978820717613332 0.9584145228947467 0.03970239546082936 0.08317095421050666
0 0.3841047038056823 0.3163346714828208 0.04340031433530296 0.12535535266556702
0 0.26888146397248336 0.12333116607254443 0.03596976025161904 0.13606553213245362
0 0.37013901767764923 0.9617481510621031 0.02800100362819702 0.07650369787579372
0 0.3494445717613332 0.9505492324490227 0.02407739546082901 0.09890153510195461
0 0.22978929227242045 0.7918251018076372 0.03458830952597962 0.11885530007914227
0 0.20593513002136846 0.8239101761016743 0.022197436930641336 0.1216165872261609
0 0.11835826286832578 0.951679166105798 0.050312513246843917 0.0966416677884041
1 0.6505630614248962 0.5043731952354972 0.020161221777031633 0.08565635517284953
0 0.25171630054030497 0.23521740063313828 0.02354168212131791 0.11541205133278351
1 0.9786632687739576 0.5802587114663262 0.02424852105139195 0.0686052474927175
1 0.28112105834485324 0.20563520071228053 0.019697430307219398 0.07237510517284944