0 0.16875 0.4015625 0.040625 0.0171875
0 0.5796875 0.50234375 0.0375 0.0234375
0 0.60234375 0.496875 0.02734375 0.01484375
0 0.4265625 0.6234375 0.025 0.04453125
1 0.44140625 0.63125 0.02578125 0.02265625
1 0.79296875 0.0359375 0.021875 0.0171875
0 0.140625 0.3578125 0.0390625 0.0203125
0 0.115625 0.59375 0.03359375 0.025
0 0.16796875 0.49140625 0.03671875 0.02109375
0 0.78125 0.02265625 0.0359375 0.021875
0 0.56328125 0.53671875 0.03515625 0.01953125
0 0.66328125 0.2078125 0.034375 0.0234375
1 0.17109375 0.41484375 0.021875 0.01328125
1 0.5734375 0.51796875 0.02734375 0.0140625