0 0.44940345149102257 0.6251732045098419 0.03983710594746519 0.03147047787409356
0 0.44035159882291774 0.46739709181339484 0.04366146879233561 0.03008991439185813
0 0.22968409373453502 0.5570911002904502 0.04731873530067894 0.04039171360606986
0 0.3703533593383673 0.5364424983473702 0.05061083163720585 0.028854900123834425
0 0.8219856218899817 0.20292775351916587 0.04846847749876275 0.04745935090962279
0 0.05489761419960733 0.8980736269644707 0.017467460990419424 0.03588399607105863
0 0.6611853199901023 0.3325896364794926 0.03897396879233561 0.029871590570540542
0 0.23216064054603175 0.5146852764691328 0.051392081637205766 0.028891287427387446
0 0.7115837104245926 0.20337086332012883 0.028111711894930558 0.060539393713693726
0 0.26355780472495444 0.5907554708447802 0.027535179782755038 0.0644092564101408
0 0.754696302577248 0.2937753854460353 0.0515149123699004 0.031235037427387445
0 0.27922707032878674 0.5759288374701687 0.028026502713533397 0.07378425641014079
0 0.7598884136130958 0.24341151241050601 0.05228619629109836 0.07569351282028158