0 0.36321934633085384 0.547584676844845 0.034130959092057725 0.046649506920082115
0 0.3781911284633075 0.5782616738790957 0.034040030878812376 0.04352450692008212
0 0.34227034883813634 0.5265373477953721 0.03560253087881238 0.043588173916276673
0 0.5109471748480331 0.16768497673111435 0.02527879631821861 0.06423625494291589
0 0.3433494640401157 0.45609751380298336 0.04224733597251955 0.030593425399151285
0 0.5835914014910681 0.056784627415686365 0.03692098997087001 0.08890067391627661
0 0.36539194860070945 0.4340805923581647 0.044454693652651575 0.026001425893442943
0 0.37011054084143524 0.4080765078714844 0.036801318025830906 0.031151840912470873
0 0.34315323574772805 0.42247193030488617 0.03990358597251955 0.030497924904859808
0 0.917679244985435 0.018609801094112446 0.037687868104973175 0.03721960218822489
0 0.8000935575344826 0.4007243339180267 0.023701924452321776 0.03686067144481875
0 0.8546109436526516 0.006777639905844205 0.0162304052519918 0.01355527981168841
0 0.8775723851937322 0.18716189962162674 0.018588527117888987 0.07566850346004106
0 0.39690637305303117 0.4687765859323741 0.019287209092057812 0.046044670456235434