0 0.16953125 0.54765625 0.02734375 0.1171875
0 0.4984375 0.67265625 0.02578125 0.10703125
0 0.92890625 0.615625 0.021875 0.1140625
0 0.69140625 0.21796875 0.03359375 0.10546875
0 0.66015625 0.184375 0.03203125 0.10546875
0 0.21875 0.3109375 0.02734375 0.1328125
0 0.89765625 0.58671875 0.0203125 0.10078125
0 0.73046875 0.32890625 0.0234375 0.109375
0 0.5078125 0.6296875 0.01953125 0.10390625
0 0.45546875 0.10625 0.0203125 0.12578125
0 0.9515625 0.52421875 0.02109375 0.1046875
0 0.6953125 0.028125 0.01875 0.0546875
1 0.43828125 0.125 0.0140625 0.0875
1 0.21015625 0.446875 0.0171875 0.07890625