0 0.5888715170987495 0.48161569788657327 0.039917138392743114 0.03694600897699054
0 0.288131207162604 0.24311523750696812 0.030996733282500077 0.056422716822512695
0 0.7750993046178121 0.5037957457965876 0.039226807370694415 0.0408477137974506
0 0.666759474545694 0.5258247610200939 0.05081827080156245 0.03544714149054791
0 0.7773332986338884 0.5420951765147468 0.046276241166284746 0.04166987041330898
0 0.7467736296559371 0.5458241645126942 0.02242116707809032 0.057153969847574794
0 0.18925794927881925 0.2276942497054124 0.0479114763486459 0.044803960772388504
0 0.37590200446531224 0.3327004331540461 0.03426655043684033 0.02910169272021177
0 0.22552079796829833 0.314635713502863 0.03571994766329869 0.02442328307929138
0 0.586869993163055 0.6347497882456528 0.04364155043684015 0.029156234874689525
0 0.7162678588543745 0.5808076976901815 0.04411432912218753 0.04946873487468935
0 0.059937391242534686 0.04332327400410509 0.026290396276527784 0.022024990924813692
0 0.22136193446118035 0.22475560206654457 0.05223595364722229 0.06279543667008758
0 0.027198279635277774 0.00640908128389331 0.04871025693385417 0.012000551131468149