0 0.6201519634768102 0.5508246464099962 0.04041363805964089 0.02691785266556703
0 0.4548910543862702 0.3892242536944167 0.03872830732694617 0.024528638558944316
1 0.47659895804974334 0.4015567691338228 0.027835072930778536 0.010170621865896835
0 0.6467554070543752 0.5523787862225817 0.02331134724103805 0.01315922954602886
0 0.16133356343138175 0.6225007887963712 0.0452649123699004 0.030179244985435005
0 0.16301781490171977 0.44625653754273 0.03720675090451113 0.025264424452321597
0 0.16755590795888628 0.5626173234361073 0.03881019448207601 0.026091138558944495
0 0.16905088817118258 0.6804496811162393 0.043579581637205766 0.027790030878812287
1 0.15817094188008424 0.6068075926364372 0.021830734396167763 0.014676265439406321
0 0.7429675022592482 0.9444275453937816 0.035357645861557076 0.01975021034569906
0 0.5972976396415206 0.5166171309705899 0.037906113749381375 0.023724656505632956
1 0.6095895997274289 0.52789561177026 0.029066702283992107 0.01878710391920819