0 0.48638955629782965 0.6092257179344576 0.012046002926866351 0.05638636000159085
0 0.49096745110802703 0.45603708326704845 0.018264186670087668 0.050990335335772484
0 0.5268549541330891 0.4470251625955033 0.01592952702916719 0.05252556333545435
0 0.509390719062008 0.5339529979312759 0.016724412567786652 0.0548784040022273
0 0.5114526679305398 0.48548822593095764 0.01905452702916719 0.05256192600254543
0 0.510953739942855 0.6683189072645032 0.021330099336070062 0.04087044800286357
0 0.49756795081343946 0.6505046985996394 0.015207364363184794 0.06267272266868176
0 0.42666561923495855 0.8185285399427299 0.01757838544042354 0.06738749466899989
0 0.5456458607489474 0.45383823659295797 0.016715322208706952 0.05331590400222712
0 0.41803148349994734 0.9459813779440026 0.02765736738824671 0.05422442333704538
0 0.47866743900777864 0.49055753393541207 0.01595225292686635 0.05643181333545453