0 0.5747372915992646 0.5130430815888622 0.04180806840173403 0.02173115626060227
0 0.3954306812453301 0.3376859614405946 0.04236180524755451 0.017852188111767652
1 0.41642572070786893 0.3486953833102935 0.03124229472421085 0.014345242195451746
0 0.6027257837067569 0.5097171849469068 0.023702810509226246 0.018759923683797374
0 0.08251272326811773 0.4355084248649238 0.03904708944842143 0.027872028855940555
0 0.09307630987394175 0.6840823341207509 0.045987334186749586 0.026555065516429367
0 0.09177984940706778 0.6215004885672546 0.04708710260260105 0.03205109736759475
1 0.08691804415951336 0.6052306478230818 0.02425654735504663 0.014880955534962936
0 0.09420762841685011 0.5556572337579311 0.04120882892507773 0.024828874409436708
0 0.7054754122647813 0.9163367179791985 0.03891058155591374 0.025528278855940556
0 0.5483344153191403 0.4763888189749904 0.03973733418674961 0.02633681070710594
1 0.5632614653050227 0.4907414956540127 0.029126057878390198 0.018169646641955417