0 0.13383424202581568 0.618626759271578 0.04281498257680485 0.018214189695149586
0 0.5664508237843139 0.509881455704223 0.0399355192372937 0.02522725897699054
0 0.5904240371238251 0.5167718051384889 0.02867063702330839 0.015788626463433174
0 0.41146820182194777 0.3850274223303439 0.027390879218760312 0.04624374092481372
1 0.42736602033360205 0.3771240187395478 0.02740823738612832 0.024373286104353475
1 0.7714656397640794 0.9914031247149172 0.022147818511654194 0.007939765027114732
0 0.10412689465822085 0.6641028857350111 0.04136160998146656 0.021330099336070062
0 0.08615817777533064 0.4181636718393646 0.03608383293962456 0.02676703307929138
0 0.137108064165667 0.5248767592715781 0.039072423683797416 0.0228789637974506
0 0.5504910070867581 0.4748251996540988 0.037428078130301044 0.020526123438370902
0 0.6432017744251353 0.8171848955957642 0.036810519237293705 0.02520907825883114
1 0.13745031534679336 0.6045460785534188 0.023147323320977707 0.014194310206654492
1 0.5615277108076224 0.4942882719610016 0.02942460517214318 0.015011921642972936