0 0.4797133511827818 0.8184474058409034 0.02274260841125635 0.015239216314779824
0 0.014163014830722917 0.1517943250810779 0.02601305415653025 0.04029376339268058
0 0.3708332548717738 0.7673331448838547 0.022806240924813714 0.026176716314779823
0 0.4188884389095827 0.5681922613607904 0.015011921642972936 0.029165348620028196
0 0.5316167396482674 0.8779411826262645 0.028261355386194252 0.02392842370110628
0 0.4993945921075955 0.8445695750777826 0.025095448770336048 0.016842626623205348
0 0.42819474033563854 0.4222757893639676 0.02977385841125635 0.015361947240056396
0 0.6658013629884426 0.9818355702065187 0.02431874394987581 0.01761023985373029
0 0.1237157977136226 0.31853358603812654 0.024382376463433088 0.02854773985373029
1 0.5385161794416129 0.8554076635515411 0.012536361436318444 0.006468188311602674
1 0.4821070981577197 0.8270820661493289 0.014144313231716587 0.014307961850553141
0 0.40405377926866237 0.5694956627407622 0.014248852361132158 0.03227671185055314
1 0.40952252926866245 0.5695911201270883 0.011814198770336048 0.01661080154212762
0 0.42511973731057645 0.430814992286067 0.02585851805217665 0.013731263392680581
0 0.508412984580102 0.24635026338938532 0.01904543667008767 0.05110853246740401