0 0.4222820845610425 0.8119786655505006 0.02305283942959626 0.02979758794672165
0 0.14224448570272502 0.3325962771860373 0.02058175543720746 0.026577087452429905
0 0.5318454269563883 0.8593404382879136 0.023978669467652303 0.01423625494291585
0 0.039416621558549414 0.18255517342198502 0.030466091406762597 0.039459089429596264
0 0.45549253809763324 0.5933851744477492 0.01732942144481875 0.023324753460041238
0 0.5500515988954986 0.885040775246052 0.02241616946765248 0.01417258794672165
0 0.5828932738003583 0.9253766151699399 0.02404233646384668 0.015798754942915848
0 0.5411820514063251 0.2653967787060931 0.018443593878220456 0.05066850346004106
0 0.4611947569572633 0.4462064269192071 0.03188666996194378 0.016898339923887916
1 0.5926847678688592 0.8976972841433006 0.010474584980972068 0.008226335475263368
0 0.6010702708346087 0.9120781191242724 0.01704291996194396 0.01629350346004088
0 0.5346030124316518 0.8695921887822052 0.01672458498097189 0.008481003460041237
0 0.4406806215957305 0.5935615879839025 0.01683467292769336 0.03032416996194378
1 0.4461812050938276 0.5945656724705829 0.009262253460041236 0.01675641847906917
0 0.4579251769192072 0.46167225942872125 0.026322419467652302 0.014331755437207504