0 0.23230395179790736 0.8807811405769446 0.03523954998588259 0.015643837005972473
0 0.5536721756307225 0.7322228861116324 0.032524073663405775 0.022602351823611144
0 0.4525459602551125 0.29530280793937536 0.030779563140062294 0.01944098423243057
0 0.8022421233669398 0.351813913181459 0.02917156050922607 0.018623366641249993
0 0.4742389497317688 0.29268695421590313 0.015063557878390376 0.017514808320625085
0 0.32472115202378626 0.6457541367772224 0.03339632892507769 0.024183035619201477
0 0.22863364925177604 0.7909737581681251 0.02986180524755433 0.017079050436840326
0 0.9341247860552441 0.8479641741993756 0.030134821032569904 0.021766550436840504
0 0.4475021444842143 0.275680638961424 0.029535581555913737 0.024873366641249995
0 0.6805965096057105 0.9824976026766326 0.02903505261671846 0.016279616641249817
0 0.3723774020237863 0.6468633483082294 0.031598610495108835 0.03350348423243048
1 0.460184155007558 0.27909657969086843 0.02595555524755433 0.016988131458888934
1 0.5733854361540661 0.7358024810013893 0.016671560509226246 0.01833242591180557
1 0.23975243075121994 0.8747129785328474 0.016216534200867015 0.010519925911805571