0 0.1278666136945492 0.7254073287345258 0.027126850873680608 0.058262513392680584
1 0.787246186167223 0.9491496026838085 0.017623911094166545 0.01905000892845372
0 0.18671689646395903 0.8361442313323135 0.029634255033993105 0.06533467370110628
0 0.46326959830822945 0.3272060133959759 0.03666485182361114 0.03187729139585782
1 0.19594577288885484 0.7961232033291363 0.00741310970739586 0.01652898092527657
1 0.4892145024685419 0.3337872500032953 0.017587543502986237 0.017487508928453722
1 0.43163773860083354 0.31134523417498267 0.012083079122187534 0.049409664772652385
0 0.7997935522397922 0.581593909907979 0.02774444671336802 0.05124490016215581
1 0.814292463333959 0.600098448057426 0.016443270801562448 0.03542898538950343
0 0.7607200537584036 0.9511757528459643 0.038881315254479173 0.026449451704283432
0 0.475805312689028 0.294942938314898 0.039626197663298515 0.02490058847375849
0 0.4358524599154864 0.2909509135581317 0.018696755033993106 0.06514375892845373
0 0.4617623029053822 0.3631844237044014 0.038790396276527875 0.022543201704283256