0 0.22265625 0.49140625 0.0390625 0.03515625
0 0.21796875 0.45078125 0.03984375 0.0359375
0 0.334375 0.46953125 0.05 0.03046875
0 0.25078125 0.440625 0.0265625 0.06015625
0 0.80234375 0.76015625 0.0453125 0.040625
0 0.41015625 0.51640625 0.040625 0.03515625
0 0.409375 0.36875 0.0421875 0.03125
0 0.6203125 0.64921875 0.0375 0.03828125
0 0.75703125 0.678125 0.03828125 0.02890625
0 0.28203125 0.42109375 0.03203125 0.04765625
0 0.04921875 0.12421875 0.0328125 0.0203125
0 0.703125 0.75234375 0.02109375 0.0640625
0 0.9234375 0.94765625 0.0234375 0.0296875