0 0.10039274140511438 0.6304644418944481 0.031141536634731404 0.11835189371369381
0 0.8280895369734157 0.30445386621561293 0.035041142582196726 0.14814855562435253
0 0.0861963653312611 0.49407317762642455 0.03566526232447189 0.11544521753501122
1 0.575004401288624 0.1376817049241267 0.019388487109701202 0.08741010876750561
0 0.2908197518090223 0.04175615064169046 0.02456731004047974 0.08351230128338091
0 0.1415500079134578 0.6387285521096958 0.02752521370395291 0.10883134449948209
0 0.5519010939616777 0.1152630494236087 0.033236303143074866 0.1285809183207996
0 0.37635221732199753 0.18765824193722938 0.034884012324471844 0.11540883023145838
0 0.601941953300045 0.6666243422276796 0.037599576548823066 0.10774187944567011
0 0.584805362956412 0.6235657009951853 0.041055447195609496 0.09933006596343467
0 0.5006119108995624 0.18265391067231368 0.05059422150586901 0.10289171360606986
0 0.4746668865893028 0.18072969168956035 0.04578389077317446 0.10032963978475226
1 0.8435684520568497 0.4055433312694248 0.01717421189493038 0.06002997146395259
0 0.9500342152858327 0.5392033937182029 0.04442278663473118 0.11897047787409357