0 0.6211110656664189 0.5162184072854581 0.025474843878220455 0.05136507892507787
1 0.6057898131949611 0.5270726072995755 0.027549338441012948 0.025765839448421347
0 0.3421410790494729 0.04028815493697087 0.040703254448624285 0.02341438417263215
0 0.5194557237653649 0.5510190705384598 0.03692433844101313 0.026311871018452494
0 0.9660800088600675 0.4102308016990853 0.04004933844101295 0.02649388154179615
0 0.917523150647391 0.5256514043722735 0.03920442144481875 0.02488587891096028
0 0.9351682484799442 0.4577659543581561 0.046394838935304605 0.02920165258848364
1 0.9314702455141946 0.4716464438348124 0.023915002471457926 0.013083828925077867
0 0.4489800335746469 0.26264754430068765 0.034612421939110224 0.026956613125944707
1 0.511530477225406 0.5341122915992645 0.028012253460041235 0.017998842079257216
0 0.4933534801911555 0.5189577284592024 0.05430283942959626 0.03200042889684287
1 0.4745079796968639 0.5202094153191401 0.021825920456235437 0.0191973210325699