0 0.8039316627085846 0.2999549124059556 0.052418993102595124 0.03420767100433508
0 0.5717255088179689 0.6992290573842801 0.05135113805964089 0.028693418373499213
0 0.5354627029613607 0.49772747056669464 0.03797471279944169 0.08555036312594488
0 0.3002013116223594 0.5860564102692299 0.04937588025772479 0.03558816048099125
0 0.28600933683713003 0.6124901076525114 0.04806236374938137 0.02538640785015538
0 0.7679332869734157 0.38587002560248757 0.0584985747398008 0.061043186789350654
0 0.48654824739800817 0.6046985364081798 0.05525738805964089 0.02892093152767892
0 0.2982160877416412 0.6373458944842143 0.05213238805964089 0.02873892100433508
0 0.7972047071452322 0.40938312031258084 0.04653748530067894 0.04087489995764777
0 0.3363612189038772 0.696424762871831 0.03703633254171699 0.052783365756780755
0 0.8904833163720578 0.31667895179790734 0.055086969696846566 0.055392426266007
0 0.7651115021477066 0.3171655282333235 0.046619372455808515 0.042437399957647684