0 0.45003682310690285 0.49553408966693635 0.016503189891727922 0.05746315901291545
0 0.42703592913768224 0.6410822703874641 0.014827029625171306 0.05351144490629274
0 0.4676849758516122 0.42645748073316303 0.014068511678482488 0.05426996285298138
0 0.4797841590794224 0.46746892563945586 0.0157446719450391 0.0582216769596041
0 0.42875886817148023 0.42063337806759604 0.014091243731793846 0.05505121285298138
0 0.40897756558505555 0.4286588267348126 0.012619671945039102 0.058130748746358665
0 0.5156628569552162 0.7930061347315137 0.026196438638086583 0.0686734436526514
0 0.44580030100357904 0.614261357613625 0.01590379631821861 0.0636904269596041
0 0.4635022780423255 0.5702074807331631 0.01572193989172792 0.05744042695960409
0 0.4457501398790926 0.4547499652937569 0.01342365399835046 0.05893473079967002
0 0.5055173156515625 0.8998327962517116 0.019991902744709477 0.07005408722616088