0 0.2385144439903503 0.45825575330204693 0.012891512174864594 0.06732386000159085
1 0.010763770696281266 0.25852102466581817 0.00659091923687925 0.01960397533418181
0 0.6407415969951751 0.22305985658023122 0.03439831939903506 0.046484648671227015
1 0.27857638230195303 0.470292129296638 0.008453428165332965 0.036809656667727356
1 0.6498187678569074 0.02682065591186769 0.012359678165332965 0.03685511000159084
0 0.6346477353895035 0.011797966124297404 0.020844334009531628 0.023595932248594808
0 0.2818337958567894 0.5226086072963199 0.013686398944339827 0.06811420066836363
1 0.6615353380667214 0.20562690857736773 0.008811938311602674 0.012599997334499947
1 0.22667296306507376 0.45136086330363767 0.008726163554836398 0.052434656667727356
0 0.310443991068251 0.46054441195895646 0.026090941558013548 0.06279090133672707
0 0.3236451948011292 0.5901046426241383 0.03916764001588602 0.05122669267186346