0 0.4158903719784789 0.6019041139401846 0.038264003954332715 0.01918635200509051
0 0.32497621190236675 0.5717268126193658 0.03300084239534575 0.043332376670908876
1 0.3958962069594508 0.5943279712762753 0.02641791996194396 0.015924992003499838
0 0.3556704549822845 0.6041665952816843 0.027005510380123353 0.049509651336727245
0 0.3072475424347144 0.5852080572883658 0.02887175790866543 0.03781817333704538
0 0.7547538952101835 0.48785705856145933 0.03682883794672147 0.022293170671545327
1 0.7724653186321685 0.45563490455923217 0.021603085969555024 0.012745448002863568
0 0.755177000951402 0.381652511895323 0.041580004942915846 0.023910214672181594
0 0.7293944564651593 0.5927900065643229 0.035952087452429816 0.019940330004772557
0 0.7807553211036264 0.443825247891505 0.042424921939110405 0.025481805338954187
0 0.23854389376448978 0.10576655263368333 0.034389587452429905 0.019922148671227057
1 0.7630266516359742 0.45730649256050493 0.005069501977166269 0.00942954400063627
1 0.34451012049560414 0.6097626146165023 0.02024617441056815 0.03693692600254543