0 0.6359375 0.6015203596104867 0.03984375 0.02436487357510426
0 0.6234375 0.6184169188810422 0.03828125 0.029797255983923777
0 0.6296875 0.45606238924576437 0.03515625 0.05003702080156245
0 0.15859375 0.017753810504826523 0.0453125 0.028398410144236153
0 0.640625 0.5008482123840283 0.0375 0.044622822188333446
0 0.20390625 0.10630847064906268 0.025 0.06386313145888893
0 0.6515625 0.4589152855222922 0.03046875 0.05149041802802081
0 0.109375 0.036920731382638974 0.02421875 0.06931369766329863
0 0.62421875 0.5473413526766324 0.0453125 0.02371091014423623
0 0.38515625 0.24099586122600725 0.0390625 0.04544043977951393
0 0.65625 0.6277743882958339 0.03046875 0.032740418028020815
0 0.1421875 0.12830945079743067 0.0421875 0.029106924961875037
0 0.475 0.19386824771888927 0.0296875 0.03272223423243057
0 0.20078125 0.29295448546670155 0.02578125 0.07325631525447918