0 0.71484375 0.4434974107210749 0.05 0.03544714149054773
0 0.82109375 0.4631917663036608 0.0375 0.05021816861791066
0 0.6328125 0.4830371545727548 0.040625 0.044767599336070066
0 0.82421875 0.41942358558550163 0.0453125 0.03932612041330898
0 0.025 0.9795420542547262 0.05 0.037790891490547554
0 0.2046875 0.74802791296057 0.0484375 0.04715680113146821
0 0.7921875 0.42429743794663377 0.0203125 0.061055674668035034
0 0.984375 0.06224182377984083 0.03125 0.017369307181592353
0 0.22890625 0.758824512394836 0.05859375 0.060497138465485635
0 0.059375 0.9465295663549746 0.04453125 0.05182157523376887
0 0.2484375 0.7094921329063408 0.05 0.032322141490547726
0 0.75625 0.376850266205465 0.03984375 0.0494505541565303
0 0.6359375 0.3205189738545956 0.0484375 0.048719301131468204
0 0.30625 0.7208745396203949 0.034375 0.05332498789975162
0 0.240625 0.6603188347017388 0.03671875 0.029901123438370904
0 0.4046875 0.6453018469983791 0.0328125 0.0259721475406721