0 0.33125 0.5109375 0.03203125 0.04296875
0 0.2984375 0.5640625 0.034375 0.04296875
0 0.31875 0.5421875 0.03203125 0.04375
0 0.30078125 0.63359375 0.03828125 0.02578125
0 0.3265625 0.678125 0.0390625 0.02890625
0 0.3 0.665625 0.03359375 0.02421875
0 0.47109375 0.9078125 0.02109375 0.05703125
0 0.35703125 0.62421875 0.01484375 0.04453125
0 0.321875 0.65546875 0.0421875 0.025
0 0.74375 0.66640625 0.01953125 0.04609375
0 0.53828125 0.98671875 0.0171875 0.0265625
0 0.8234375 0.8921875 0.01796875 0.07890625