0 0.6300362293920883 0.461922342842343 0.05112669533736351 0.032052674730940464
0 0.6574521573838158 0.40229478577024835 0.040152832670272434 0.028418252481199245
0 0.7081761266709089 0.0642168970189534 0.05775850334181776 0.06515627315936381
0 0.5907015567313607 0.5038165903611436 0.030460206675681435 0.06778896753501122
0 0.5990140434038604 0.5471492133966729 0.027398841343090296 0.0731121683207995
0 0.6610771440563156 0.4454090849844601 0.042006234006999675 0.05349102708830529
0 0.6443714493952699 0.4860148143062957 0.04653010200509069 0.039646850909622874
0 0.6187992847310426 0.5027827832890491 0.030269302673454134 0.051382717535011224
0 0.6422282414067239 0.5702442650920839 0.0534068106699543 0.026693086641599174
0 0.5922874973344999 0.03617532609311995 0.02753465400222712 0.017679805624352497
0 0.6472788207351787 0.5345614762169545 0.04209714067472685 0.06130352708830529
0 0.6287560874044967 0.5532194309316841 0.03866305800445424 0.03459547787409356