0 0.8105316403044487 0.16298834490925757 0.035011669961943784 0.0172260413563289
0 0.4688813566926207 0.30675319168505116 0.03295442144481875 0.02414812944567011
0 0.5274579302677052 0.7517253974332382 0.03126458745242981 0.020950354838564066
0 0.17786910714973128 0.6869136108344203 0.028857170456235526 0.019278692927905537
0 0.5054237627772192 0.7546128029337561 0.015544086958138336 0.01787885876750579
0 0.6936638393924153 0.3994095343225063 0.03379933844101295 0.025747016749222952
0 0.8052127875289795 0.25510307030215174 0.03035600346004088 0.017788967535011226
0 0.09361871292813095 0.1804752121583278 0.03057883794672147 0.02325771753501127
0 0.5305365093171781 0.7722198339510028 0.029924921939110227 0.02634633023145838
0 0.3650692430799178 0.04987814536632356 0.02876166996194396 0.016934942927905438
0 0.6444450893924152 0.39711713419867184 0.031056340418179396 0.03497646753501131
1 0.518945093309567 0.7685490243977089 0.025668503460041237 0.017570643713693813
1 0.44947744068500944 0.30271850909622794 0.016357170456235436 0.018696496071058544
1 0.8024326388215739 0.1696557218737283 0.016820085475263723 0.010920383374611476