0 0.11376505521006774 0.18180804990733276 0.02458693114108117 0.07573660998146652
1 0.46659272621695447 0.6566568048014743 0.02772689371369381 0.025927582939624473
0 0.4433928207164365 0.677686067415346 0.04331550641014079 0.025691969962933037
1 0.1294285965663966 0.21667412322831048 0.008195643713693723 0.02524553666048881
1 0.7781101532242064 0.3617833367374576 0.012701207195929065 0.021502977767481467
0 0.7664299445805354 0.39569454526764536 0.027510723945152193 0.054779269237293704
0 0.7226755206781645 0.0423959304768554 0.04086259449948208 0.02326637440943683
1 0.7400984611248705 0.03130466305366024 0.027853172249741043 0.011892364790789978
0 0.4304711356464139 0.6179564033501954 0.0179366708019991 0.066924605172143
0 0.06994874276128968 0.2793353251350762 0.04189855562435252 0.02876240626060227
0 0.464197626340789 0.7057118636944816 0.04346105562435252 0.028816969962933214
1 0.40294760318142514 0.6466344748570745 0.01550087551672874 0.04812004146981223
0 0.408726722288013 0.6702356659640671 0.02258778349844608 0.06630704627913567