0 0.06598693238474676 0.5110555637264337 0.02871922150586901 0.10173625494291585
0 0.0659913336733707 0.3473432322055029 0.029828020126387987 0.10801808844101313
0 0.7622156377209567 0.16773542038187342 0.026450714608463953 0.1328270874524299
0 0.0311482649264637 0.46180232163509916 0.02752521370395288 0.10870383794672148
0 0.8786307745374021 0.3859522266939333 0.028016536634731182 0.11807883794672147
0 0.499269659656367 0.033551010722956236 0.0256384871097012 0.06710202144591247
1 0.5165423688377639 0.0369956750005469 0.015690277023793088 0.0739913500010938
0 0.3915866344415963 0.055194876835002925 0.04088835085908267 0.11038975367000585
0 0.48551701888319254 0.12210056270066949 0.026372149479601602 0.1164526709505271
0 0.570517302127022 0.5232399569594508 0.04146488297125828 0.10693309091247105
0 0.468684722976207 0.05652198365119658 0.03200799581612852 0.10498858893530465
0 0.5419828663513732 0.53219846289095 0.03328721279944169 0.08477158942959626