0 0.2083109203922234 0.7287527556573408 0.02980527812176259 0.13685510538619425
0 0.45480912304003845 0.9381323008368806 0.03089474317557439 0.12373539832623877
1 0.43342642866439096 0.9121430143397437 0.01799232878371626 0.08445681323171642
0 0.9257896346174658 0.4414417124227086 0.024407148676092304 0.1048011294884951
0 0.4835336681159118 0.3732259600850175 0.02595253205070396 0.12121192466803503
0 0.965997257652995 0.4338610165792388 0.03045809553293921 0.11733294574527395
0 0.96827888751295 0.5526564683746369 0.01792170822938637 0.1164789728726369
0 0.5019904156347124 0.4131878847530525 0.028531722497410074 0.10951135538619425
0 0.6872642121628371 0.8479770169720222 0.04557367328319835 0.10648634933607007
0 0.128330283707843 0.4829084696511831 0.0390518455329393 0.11738294272021185
0 0.594601523163873 0.8911997761454045 0.055038564515692556 0.09170168667008767
0 0.6207830335029552 0.8827560170702181 0.05009635339082212 0.08620566559284874