0 0.446875 0.38828125 0.0421875 0.025
0 0.2609375 0.4046875 0.02890625 0.065625
0 0.73828125 0.75546875 0.03828125 0.0546875
0 0.37265625 0.4671875 0.046875 0.02265625
0 0.2265625 0.45390625 0.040625 0.0328125
0 0.721875 0.71328125 0.0484375 0.04375
0 0.7984375 0.7609375 0.04453125 0.04375
0 0.23203125 0.49375 0.040625 0.02265625
0 0.43984375 0.53203125 0.04140625 0.02734375
0 0.659375 0.64765625 0.03984375 0.02265625
0 0.721875 0.68125 0.046875 0.028125
0 0.03515625 0.159375 0.015625 0.03828125
0 0.6890625 0.76015625 0.034375 0.04609375