0 0.5963807719165095 0.4893774030957413 0.03933648180303493 0.02399306070710594
0 0.44083290094789485 0.6779190918404812 0.029871590570540542 0.03848214664195524
1 0.4542960874656595 0.6813615503706689 0.02643622146395259 0.014962801088459089
0 0.1404303707592177 0.36053321751586237 0.04082620719592907 0.022485124409436796
0 0.5776693132728383 0.5244617312260424 0.0352846825888232 0.020731651451278844
0 0.17019926157742732 0.49565226198089957 0.03844606989237613 0.021622028855940556
1 0.5878426798982268 0.5076735353097265 0.027998721463952592 0.015017364790789856
1 0.164435105043452 0.4222966075343958 0.024092471463952724 0.014880955534962936
0 0.6715411679065149 0.1541814583605517 0.035321069892376045 0.02151290145127884
0 0.16459777088305222 0.4089880756832304 0.04257064371369372 0.026445938111767653
0 0.14344201653982602 0.5764037541763513 0.0376284325888232 0.020813497004775174
0 0.6221256346129567 0.4876958520072822 0.026545383374611476 0.017306551088459087
1 0.7934246683207995 0.00275168349170333 0.020894696856846907 0.00550336698340666