0 0.16351501038216937 0.14796210847312488 0.03769669205102248 0.05783133700597225
1 0.7338891525884836 0.028292467327499387 0.01538207629424182 0.022983558320625007
0 0.7081079025884837 0.028892532581978575 0.03955532366340577 0.022766005983923643
1 0.49560977567307474 0.6651619133752774 0.03316881577089816 0.020276785619201477
1 0.18247711298477043 0.17803081497013876 0.010421560509226246 0.018186955547083362
0 0.7942314732681177 0.41960714513916597 0.030301421004335083 0.05141768284565984
1 0.8089009180205633 0.40283721922736043 0.020987334186749605 0.025454594889756876
0 0.46132505191084683 0.7481023531547913 0.015586473621053542 0.06667900693385427
1 0.4546277308782768 0.7271358897239233 0.010034423635170953 0.051726154160312635
0 0.48290464932236316 0.7022261554914927 0.04244510523343692 0.03219555737069442
0 0.46860765991629405 0.6313687948341663 0.03790181840173403 0.02116713839274311
0 0.11198187343752694 0.2571202093468055 0.016921460466873973 0.06280912452503476
0 0.47680656776644953 0.6781165082650343 0.030582142065139983 0.04284211664125017