0 0.6122246793798537 0.4800759237842723 0.0290386635548364 0.052507376463433175
0 0.9617825742670038 0.3672775045771862 0.03722331047058134 0.02911987343837099
0 0.8894962913925625 0.5223099173413646 0.03869035308425524 0.0236602137974506
0 0.9001667844927038 0.5965832094958423 0.041102286931631225 0.027580099336070064
0 0.5059337690714282 0.47711402936685826 0.03478410308425524 0.02363748789975162
0 0.42280721793304243 0.7719129240788598 0.03316705600635448 0.02050339754067192
1 0.8945343932590017 0.5871763932390637 0.02055796185055314 0.01418067466803503
0 0.9291781745085897 0.6475280859592754 0.04258296631477983 0.022901689695149587
0 0.4690610604672861 0.5128333607489474 0.030877853084255235 0.02361476200205246
0 0.4885377633893853 0.5098219902374426 0.03631932954530477 0.02208407825883114
1 0.4959957073830309 0.4895549420328408 0.024518758928453722 0.017328400565734016
1 0.29735107061026045 0.9688192194547913 0.019776711850553054 0.014176129488495092
1 0.5939559204514 0.4627838846548567 0.02162558400953163 0.03059146984757497
0 0.31076868830501214 0.9767089875069681 0.034838650162155815 0.02676248789975162