0 0.6513271262194636 0.2438090400978234 0.03091876339268058 0.02755585260260105
0 0.3655321278443167 0.4758604898295921 0.027834673701106104 0.029717592079257393
1 0.6371555320636622 0.25087808745287005 0.02290171185055314 0.01538207629424182
1 0.5337722443245477 0.8976536478915091 0.019763075081077906 0.014418815770898163
0 0.6717935848236058 0.27851796906525345 0.03171365016215581 0.02838260523343692
0 0.9646580056886334 0.9381156930392429 0.03531989123370209 0.011422618387616624
1 0.3473860998411395 0.4870633003388184 0.011128414772652384 0.011574536831702887
1 0.9576949395360093 0.9346189667167663 0.021339211850553142 0.015291071032569903
0 0.5526722487887745 0.887967834751447 0.032344895697928956 0.01983435786427279
1 0.11174328572040552 0.8863330711737444 0.018940914772652383 0.012029563140062293
0 0.7922661773578493 0.5306125481315055 0.031836381087432385 0.03541385523343692
0 0.7511775271956935 0.5595411849349736 0.03168637662320535 0.02682010523343692
0 0.9701870312561788 0.8449194298850632 0.028425008928454076 0.01882559471009344
0 0.6515492686709816 0.2757947874669875 0.028493192775829713 0.022731844710093263