0 0.44140625 0.33671875 0.0171875 0.0125
0 0.40859375 0.359375 0.0125 0.0171875
0 0.51875 0.64296875 0.009375 0.02734375
0 0.3875 0.28046875 0.0078125 0.02265625
0 0.434375 0.40078125 0.01640625 0.0140625
0 0.540625 0.5515625 0.01640625 0.01640625
0 0.88671875 0.79609375 0.00703125 0.0234375
0 0.78828125 0.75078125 0.015625 0.01953125
0 0.40234375 0.76875 0.0109375 0.0390625
0 0.2734375 0.31328125 0.015625 0.0171875
0 0.42890625 0.31640625 0.015625 0.00859375
0 0.3 0.1625 0.01484375 0.0234375
1 0.3875 0.27421875 0.0046875 0.01171875
1 0.43359375 0.31953125 0.00703125 0.00546875
1 0.44453125 0.325 0.01328125 0.01015625
0 0.52265625 0.60625 0.009375 0.0203125
0 0.5125 0.60625 0.00703125 0.02421875
1 0.51640625 0.603125 0.00546875 0.0109375
0 0.51171875 0.6453125 0.0109375 0.034375
1 0.51484375 0.6375 0.0046875 0.0109375
1 0.8921875 0.81171875 0.00703125 0.015625