0 0.1625698467908121 0.86328125 0.029449561849502048 0.14453125
0 0.032457380146183136 0.61796875 0.03422227103089916 0.13125
0 0.9376572144969224 0.51875 0.02563184305716639 0.11640625
0 0.9577406631628698 0.59765625 0.028139367367425904 0.11953125
0 0.39594774932263144 0.45 0.03546054443664755 0.11015625
0 0.9194417237691767 0.70234375 0.03669217378986147 0.11875
0 0.48705751244007284 0.9625 0.02658683344622812 0.075
0 0.5525220601560807 0.98046875 0.029390928878243728 0.0390625
0 0.4706822399388356 0.9171875 0.02768566598794493 0.12578125
0 0.36342517639185296 0.459375 0.04562011646291486 0.0953125
1 0.15712875226330753 0.803125 0.02218593848918222 0.08046875
1 0.4327042051131265 0.9859375 0.013973968792335612 0.028125