0 0.754733244918928 0.5548097414016205 0.048406407759274114 0.028556910480991425
0 0.7132216948397858 0.5219748545981524 0.048406407759274114 0.028556910480991248
0 0.7501761255603137 0.5054089808782768 0.04525867570596294 0.02759364995764777
0 0.7230382787007343 0.7253273677523321 0.04093488855894432 0.039820634172632194
0 0.7721971927282147 0.6993332861258313 0.04530413981258548 0.02915614995764777
0 0.7494583747023837 0.6683717124624253 0.04146608597251955 0.03127238680346807
0 0.7220608004083466 0.6917336177523321 0.03578438730530316 0.050439615756780756
0 0.22169812140367853 0.35529996295653554 0.044500157759274295 0.028329397326811723
0 0.21364759217421875 0.45388167612483254 0.04741220909205772 0.04799715521931951
0 0.07883335682220213 0.16291649992941282 0.03999451418576496 0.03430638154179624
0 0.3661839072970558 0.36215544966118157 0.044613818025830906 0.03223564732681181
0 0.24142794820499808 0.3096535339891055 0.04408262061225567 0.040783894695975854
0 0.1716322737526764 0.26971180247554416 0.03842365399835055 0.06073237364928845
0 0.5385961163891135 0.417433025814249 0.035534334718878215 0.04184586575678075
0 0.7735814994712745 0.8273217782333233 0.01961381802583091 0.030779563140062294
0 0.14497884553943105 0.2650397130271227 0.026332830957954644 0.07406683155591365
0 0.09045281842154235 0.18699103676111578 0.04628997829238764 0.03623290258848359