0 0.0984375 0.48359375 0.04765625 0.15
0 0.3796875 0.46171875 0.02421875 0.1234375
0 0.1359375 0.9453125 0.0359375 0.109375
0 0.615625 0.3140625 0.03828125 0.121875
0 0.721875 0.128125 0.03046875 0.1328125
0 0.65078125 0.9546875 0.0234375 0.090625
0 0.671875 0.94453125 0.02109375 0.1078125
0 0.7828125 0.784375 0.0296875 0.115625
0 0.80703125 0.8171875 0.0171875 0.11875
0 0.89765625 0.946875 0.04609375 0.096875
1 0.3609375 0.490625 0.01640625 0.08359375
0 0.74296875 0.23828125 0.01875 0.1125
1 0.04140625 0.55546875 0.021875 0.0671875
1 0.7125 0.20859375 0.0171875 0.0703125