0 0.32452264884197896 0.2381496166900575 0.033830792553055565 0.04546963025772479
0 0.3384039640964581 0.21167232587145457 0.03294043977951393 0.04074118668015991
0 0.5531840177643397 0.6724958819552054 0.040226262917777866 0.05204717887824373
0 0.32779115957555527 0.33239426164710334 0.041860844889756964 0.02170125961093845
0 0.46535866907486056 0.5904856433751662 0.01775185087368065 0.058672315128862354
0 0.299849303952222 0.25895011759456865 0.032250108757465326 0.044606493102595034
0 0.3086781368741317 0.31544910108622526 0.038790396276527785 0.023881235300678937
0 0.8787632863817008 0.7646745793779576 0.025655269851631957 0.06298800090451113
0 0.7830487832475687 0.8875156151081779 0.04049836664125017 0.030213122455808872
0 0.847606164990798 0.6617476532132472 0.035502395326597026 0.050239017412854456
0 0.731049872153402 0.9089678912274597 0.03250468189572917 0.05554399310259513
0 0.7360315789347563 0.7284581976498947 0.04102569671336802 0.052869372455808514
0 0.7867407469627772 0.6953690586857426 0.024110953647222287 0.06368736374938137
0 0.30949510125493024 0.3473984639310955 0.036537565254479175 0.027664654567984302
0 0.814416377756076 0.4450038885139261 0.017116071238402954 0.06488137155129756