0 0.29765625 0.38359375 0.02734375 0.0234375
0 0.2828125 0.4421875 0.0296875 0.025
0 0.39296875 0.6078125 0.021875 0.03203125
0 0.39453125 0.6828125 0.028125 0.021875
0 0.078125 0.0671875 0.03359375 0.0171875
0 0.38671875 0.64609375 0.0296875 0.01640625
0 0.490625 0.01640625 0.0296875 0.03203125
0 0.63515625 0.4 0.0234375 0.03359375
0 0.08515625 0.00390625 0.0265625 0.0078125
1 0.4015625 0.67265625 0.02265625 0.01484375
1 0.64765625 0.38828125 0.0140625 0.02265625
1 0.8671875 0.05625 0.01875 0.01484375
1 0.50703125 0.009375 0.0203125 0.01796875