0 0.6794762564994123 0.8746230880634261 0.02076251339268076 0.0261358060063543
1 0.6804347845025895 0.8644804748329011 0.012704551542127619 0.01193693831160303
0 0.27761907062014635 0.4815535576279122 0.01408581939903506 0.04632557508107791
0 0.6439047694850558 0.6739412495896676 0.040157395697928776 0.018664225243233724
0 0.31323897078230206 0.4556047122542949 0.012564229707460583 0.04864205154212762
0 0.443916226464345 0.4907081895261234 0.030178423701106283 0.028643197240056394
0 0.29438383076641605 0.506072316556366 0.017047178165332966 0.037005122158978665
0 0.14464292938644427 0.48861030681713336 0.03796365016215582 0.027217064934808022
0 0.8236177686742769 0.8099311168773822 0.03159091923687925 0.020076720779006862
0 0.16115431940233033 0.4381017922066367 0.03100058400953163 0.03100058400953163
0 0.3678503786550956 0.3713757625786064 0.01267332386326192 0.05489205154212762
1 0.26680430154542284 0.4743313928552599 0.008398881087432298 0.03373011769475163
0 0.6617428802799487 0.5921963717486463 0.02449148538950343 0.016047739853730293
0 0.7039853327983062 0.9031844646866315 0.022134098620028197 0.015225579545304412
1 0.658762156254531 0.6734190982096958 0.011142051542127617 0.011909664772652383
1 0.6768048185915514 0.5799554703686745 0.01739205154212762 0.012018758928453721