0 0.07949455746760367 0.5794471263652372 0.032706010067986215 0.1298602168225127
0 0.4395390918525341 0.7206231348512484 0.031670186929722274 0.11891817164297294
0 0.9160119792953466 0.6601053540114522 0.027146341090034908 0.12592215056573403
0 0.6637494562126734 0.21873442368607637 0.040209385542951635 0.11662441861791084
0 0.6302472784010067 0.1810344357863248 0.03788381933854161 0.11739203307929139
0 0.13949237899034697 0.3180419937534841 0.03310605357097236 0.1470477168225127
0 0.8824006987101385 0.6270928661117006 0.02525653276941 0.11185056020665449
0 0.7038633503049997 0.34164065856076586 0.028599738316493095 0.12124374092481371
0 0.4508227371791314 0.6722447221852659 0.023766767951770972 0.11496646984757479
0 0.4064662459159374 0.09378337889932004 0.025892965615069485 0.13919431020665446
0 0.9425764389264927 0.5594650045771863 0.025365635542951282 0.1165380602066545
0 0.6722562064970139 0.02110089958377543 0.021875653210381964 0.03371646984757484
1 0.38724346723059017 0.11398679459036462 0.01787979065319458 0.09696590359079615
1 0.12660790644142322 0.4687687015990063 0.02078658510611118 0.08760908430895534