0 0.3859375 0.59609375 0.02734375 0.04296875
0 0.378125 0.55625 0.03515625 0.040625
0 0.36640625 0.590625 0.0265625 0.04609375
0 0.51875 0.853125 0.03203125 0.01953125
0 0.384375 0.52109375 0.03984375 0.01953125
0 0.3890625 0.4546875 0.02890625 0.0484375
0 0.5984375 0.81953125 0.02578125 0.05625
0 0.86171875 0.975 0.01796875 0.04921875
0 0.83203125 0.8984375 0.0390625 0.02734375
0 0.796875 0.98671875 0.04140625 0.025
0 0.37734375 0.46953125 0.03359375 0.03359375
0 0.7828125 0.91875 0.01015625 0.06640625
0 0.35625 0.46328125 0.0296875 0.0265625
0 0.76640625 0.69921875 0.015625 0.05703125