0 0.2590337192473221 0.627393075703715 0.018723275342135894 0.06526197729857638
1 0.2441990599140949 0.6269573178199304 0.011464758672817866 0.045567073138263935
0 0.38371554591027685 0.6518274184092705 0.03406646467218159 0.041406903210381964
0 0.05665305923777712 0.7023969949660069 0.04486760467059072 0.0299427263486459
0 0.3033018872533673 0.5818435331506595 0.014835206675681435 0.06673355832062508
0 0.07252405458309476 0.6137702528497917 0.04012556066995439 0.025146123575104085
1 0.2918644005808676 0.6250668562889233 0.017060778007636036 0.056631859707395905
0 0.6838139012174145 0.8377590395158329 0.04013465133672707 0.02592737357510444
0 0.3637404952657758 0.4890553146857983 0.014108500676317703 0.07140287452503476
0 0.6525991691995972 0.9697000237482634 0.024564195337363516 0.030251197663298514
1 0.6673792845321881 0.9748232816320481 0.026780676002545432 0.019368249050069154
1 0.07618430923777712 0.70194240007625 0.02279261000159085 0.012246080072118026
1 0.6971496952180507 0.832762414990798 0.022865335335772487 0.018496080072117848