0 0.48176738137001907 0.5389938019048082 0.019447678364900866 0.05626927067816432
0 0.49914322376536485 0.4952973058337495 0.023385761862998143 0.057232457195929065
0 0.460991966350991 0.5321637591007372 0.02169592787060921 0.0540346825888232
0 0.5044329016359741 0.4420267566195378 0.02032442885919252 0.05864940798171734
0 0.5205261338414771 0.5254920740307145 0.02094651136870649 0.05477954528527036
0 0.5102902652858582 0.2982767566195378 0.02447075939154022 0.04558648180303493
0 0.5326799184418881 0.36117486290584405 0.01420176285158128 0.06148330955329388
0 0.6270744945627925 0.01147194287781079 0.02944476087441501 0.02294388575562158
0 0.5235250943353311 0.3179342851555851 0.01758143083635879 0.06787885876750561
0 0.6081905488976861 0.13464444210384513 0.01864918231923358 0.07494649607105855
0 0.5359574742596565 0.49124335256676177 0.021073845361095245 0.05790454528527036