0 0.643100280206703 0.5969576314977647 0.01805308475372307 0.06980398538950343
0 0.7004737813878293 0.5162201002481767 0.024248521051392302 0.06835057954530477
1 0.7518800247644073 0.4660740499238651 0.014136911069925696 0.047093188311602675
0 0.9554464796663978 0.363241556012945 0.04390625662342203 0.04995513555165916
0 0.3213293960938012 0.22500040544045685 0.034548614790790036 0.027930131087432385
1 0.3054588594333124 0.2182418908299602 0.018377977767481467 0.012032395697928955
1 0.9361607663268868 0.3706137252498243 0.027271828130301046 0.020776150162155817
1 0.7029068114248962 0.4739644164008007 0.02052332032575279 0.05110853246740419
0 0.34229911660488854 0.06438050527830105 0.0189161803072194 0.07216137215897858
0 0.3302083443723699 0.07631744358990378 0.02329365626060227 0.04100682954530477
0 0.737145402169069 0.4694581485438933 0.017916675497895974 0.06589773538950343
0 0.9507441106992566 0.45244042370769666 0.04282490626060209 0.041347748782184016
0 0.6423314099736174 0.4406258108809137 0.02171379809323426 0.06284091923687925