0 0.3602954432308295 0.5230663579202771 0.034595175893442943 0.0439408975406721
0 0.3297112880976333 0.5775629603796051 0.03697075939154013 0.04473578307929138
0 0.34910061665281455 0.5550248850476401 0.03462700939154022 0.04472214754067192
0 0.33417063642447803 0.6486658007386847 0.04014483893530461 0.026789758976990364
0 0.3626431463103098 0.6956953368430382 0.04183467292769345 0.029923849336070063
0 0.33475822684265755 0.682255005559145 0.036174921939110226 0.02520453307929138
0 0.5215074462337601 0.9332822161351416 0.02426251235728962 0.05872101502711473
0 0.392414217945409 0.6404129392041703 0.01747134288963732 0.04540340359079629
0 0.35700064136739396 0.6722305657657993 0.04405108893530461 0.026812484874689523
0 0.7933838103407547 0.6857042759490126 0.021473093383928797 0.04776987948849527
0 0.884120192773719 0.9189894746211529 0.02206068380210837 0.08135908430895569