0 0.7826463301000249 0.26302837820726993 0.05865358597251955 0.030925106986241603
0 0.17338395651826827 0.5406671839354165 0.047116692399010326 0.036765879218760136
0 0.04875264720141896 0.8976661736837974 0.03351719365265156 0.025364587748947898
0 0.7934989135652619 0.3141370104212551 0.048497335972519554 0.030570442921091078
0 0.1734461409997198 0.48915924763774726 0.0332731527447093 0.07062252404661713
0 0.35138928457322904 0.4891295097034648 0.04787521034569906 0.0360119110699257
0 0.20760819233250333 0.5098636172378607 0.0215544027447093 0.07021329627913567
0 0.26675587179939 0.5041245379264332 0.050628137305303154 0.050156256623422026
0 0.256597273290458 0.5841567783077863 0.030838474531463954 0.06741567849312098
0 0.8130946965556454 0.18292421595621788 0.06365933471887857 0.04202629809323426
0 0.35830217728880853 0.6462426052569612 0.04144335391920819 0.02954365626060227
0 0.9773494330133279 0.04897334580795032 0.04530113397334432 0.030488597367594815
0 0.8155664786880991 0.21422877965854875 0.054397994985435 0.04560516587924912