0 0.4078125 0.53125 0.0296875 0.04921875
0 0.53359375 0.49453125 0.03828125 0.025
1 0.42421875 0.5515625 0.02265625 0.02734375
1 0.55234375 0.4875 0.03203125 0.0140625
0 0.7203125 0.02421875 0.0359375 0.021875
1 0.734375 0.0328125 0.02265625 0.01171875
0 0.13046875 0.48515625 0.0375 0.01953125
0 0.09375 0.35703125 0.0375 0.021875
0 0.51484375 0.5265625 0.0359375 0.021875
1 0.12890625 0.4171875 0.0203125 0.01328125
0 0.12265625 0.40703125 0.04296875 0.0265625
1 0.5265625 0.51484375 0.025 0.0140625
0 0.60546875 0.22734375 0.03515625 0.02109375
0 0.0578125 0.63046875 0.03515625 0.03125