0 0.2683206916274995 0.5009529250608185 0.015813986775233248 0.07038067769309712
1 0.0233134865634717 0.29293238856368153 0.0074330684017340385 0.020348861436318443
0 0.6747548892225426 0.2602263684684013 0.03715066048099143 0.047856237899751616
1 0.3105004863517102 0.5139932805452087 0.00999662628012441 0.037545451795398144
1 0.6761599525743662 0.056242850416224566 0.013948378910960457 0.03834942769309713
0 0.6594505947100933 0.026242159375634178 0.024369939420186525 0.052484318751268355
0 0.31598391787938895 0.5678858950065893 0.017376486775233246 0.07038976805217664
1 0.6963645787133161 0.24212580826174684 0.01014854472421085 0.013335792154477666
1 0.25541116794997615 0.49399439793345545 0.010997684158514699 0.054732951795398145
0 0.34272145215084315 0.5036461330045366 0.029557968359381716 0.06499374092481372
0 0.36226665465462216 0.6379529553114395 0.04293792889684287 0.0533568041565303