0 0.81640625 0.4466184822128104 0.0296875 0.13028896753501124
0 0.4546875 0.2914899106678045 0.02890625 0.11931508023145838
0 0.24375 0.7816653387085137 0.03671875 0.11733520326698751
0 0.278125 0.8199851300648426 0.03515625 0.11804367865988183
0 0.7625 0.7034827582676584 0.0296875 0.14747646753501123
0 0.01640625 0.3663891333746115 0.02265625 0.11199273180303493
0 0.20078125 0.6577890370131027 0.025 0.12147689371369381
0 0.4453125 0.33870951302516933 0.02109375 0.11504495719592907
0 0.50234375 0.9163657861845331 0.02265625 0.13933648180303493
0 0.2390625 0.9803216431446158 0.02109375 0.03935671371076843
1 0.52109375 0.8969265814698033 0.015625 0.09682149607105828
1 0.771875 0.5547006559102936 0.01875 0.08759204528527036