0 0.40667887378383166 0.22071412822155984 0.024152340502353375 0.1316151701718166
0 0.1588844817393507 0.3500453448661888 0.028222231736055425 0.1411948880596409
1 0.3817237382321725 0.2616323773170487 0.01308242694751698 0.07873915366347317
0 0.6851742463498474 0.3932663161449152 0.020781878651800412 0.11738889586155699
0 0.7091787621781599 0.45160776062699126 0.026209718343374887 0.11533175090451113
0 0.5370587057680638 0.7702305286056725 0.02996596387914785 0.1069427187923356
0 0.9385842495995534 0.8381914710515836 0.02913016680124727 0.10377677521477083
0 0.9726222845025895 0.9040964320420031 0.02604607710967244 0.10595675090451095
0 0.1631905576345028 0.6857338613745322 0.02167222280760166 0.12367983943912186
0 0.9717433973260772 0.7304542141541788 0.02603244034019738 0.1051755009045113
1 0.11984175243892725 0.5708591338757694 0.02951595048646736 0.08116146879233561
0 0.5159143628300783 0.816822245588986 0.03459891680124727 0.1040633802577247
0 0.7618559285756653 0.6592431982116623 0.029375628651800413 0.11783927521477064
0 0.642549964286185 0.10248750791345777 0.037133581573899656 0.11512371099041943