0 0.16953125 0.3640625 0.04140625 0.053125
0 0.19375 0.38203125 0.03203125 0.05546875
0 0.24453125 0.34140625 0.0359375 0.0515625
0 0.75390625 0.5296875 0.04609375 0.03984375
0 0.13203125 0.29296875 0.04609375 0.0953125
0 0.7109375 0.45546875 0.03828125 0.0390625
0 0.22734375 0.209375 0.034375 0.0390625
0 0.74921875 0.4828125 0.0515625 0.0265625
0 0.4609375 0.3953125 0.04453125 0.03125
0 0.246875 0.15 0.04140625 0.02265625
0 0.80390625 0.59609375 0.0421875 0.05078125
0 0.9359375 0.59453125 0.0375 0.05390625
0 0.815625 0.51796875 0.02265625 0.0734375
0 0.94140625 0.634375 0.02578125 0.04921875