0 0.31015625 0.29375 0.0125 0.0359375
0 0.81640625 0.0546875 0.02890625 0.01875
0 0.390625 0.384375 0.01015625 0.0421875
0 0.653125 0.1609375 0.0328125 0.015625
0 0.203125 0.29375 0.03203125 0.028125
0 0.47578125 0.29609375 0.0265625 0.02109375
0 0.3421875 0.3140625 0.0125 0.03515625
0 0.3203125 0.271875 0.0140625 0.02265625
1 0.30078125 0.30078125 0.00546875 0.025
0 0.2171875 0.32578125 0.0234375 0.03359375
0 0.66796875 0.22890625 0.02578125 0.0140625
1 0.66796875 0.1609375 0.0109375 0.01015625
0 0.6875 0.00703125 0.01640625 0.01328125
1 0.67890625 0.2375 0.015625 0.01171875