0 0.49834334091380883 0.6682536178637336 0.019097229581580066 0.055488020678164496
0 0.5544842135091471 0.6677485037195444 0.022222229581580065 0.05563356989237604
0 0.5173661594254632 0.6769394131490039 0.018370543283910835 0.057014133374611475
0 0.5556498655085802 0.5001072394515208 0.012929075135076218 0.05754067224974104
0 0.5318428324762884 0.5777763211307212 0.020124016242068877 0.06255565798171751
0 0.5307094076113646 0.6346620219165094 0.024620543283910834 0.05730523180303493
0 0.5680729983555375 0.63250236248705 0.02238592068857237 0.06032106989237622
0 0.5284400355641805 0.43566159573782703 0.020386911069925517 0.04774829528527036
0 0.6134449742241024 0.2789450229499668 0.020806062521204538 0.08208690798171733
0 0.6259300721398514 0.12275068093168415 0.03063493030721922 0.07318494292790545
0 0.5438839862898199 0.45354045450533265 0.015600207349061535 0.06702483416039975