1 0.6495996396460655 0.18125 0.013137036831702887 0.0109375
0 0.674150860565696 0.04140625 0.019933068401734033 0.0203125
0 0.171142168726435 0.32109375 0.02019837891096028 0.03828125
0 0.1584902502823487 0.296875 0.03329761838761662 0.03515625
0 0.45132249238984096 0.29921875 0.027791071032569902 0.02109375
0 0.2843702108198098 0.30859375 0.014502115756780665 0.034375
0 0.6370086343843937 0.1828125 0.03514854472421085 0.01328125
0 0.25392384762327785 0.26796875 0.018370568401734032 0.0203125
0 0.33652497404457665 0.37890625 0.012704397326811723 0.04375
0 0.2539847608056924 0.29375 0.01344784997176518 0.0296875
0 0.6431606528708324 0.2515625 0.02751805524755433 0.01640625
0 0.7086924605374612 0.01171875 0.020714318401734034 0.0203125
0 0.8037704711313921 0.0828125 0.026001057878390556 0.0171875
1 0.24281974765151276 0.29765625 0.013637565770898164 0.01953125