0 0.4682381446787109 0.8680816988930902 0.01463284437251211 0.05299884724103805
0 0.4438801318271296 0.9301656190649066 0.013134011368706488 0.05447946008590847
0 0.4796014090131669 0.7996625695398765 0.026256093878220456 0.051269250904511135
0 0.4590249707624343 0.902866134668739 0.014537343878220454 0.05065509724103805
0 0.46488233441231835 0.759116134668739 0.02397601087441501 0.05270892017181659
0 0.5330951180241461 0.5965065920411137 0.02788226087441501 0.05291363805964089
0 0.475975048823324 0.9269244323847466 0.021282092395345842 0.043992339439122216
0 0.4502441728533313 0.7357162562200364 0.021936008402957084 0.04090828301668683
0 0.49178839121866974 0.883218697988579 0.0237531763877346 0.04724017017181659
0 0.5306187168452826 0.5233556970840679 0.01778967787060921 0.05394387155129756
0 0.643108082472333 0.3646623705352447 0.04059050790866543 0.03954717887824381
0 0.4217650512947819 0.918071732814288 0.013787927376317732 0.05139540366347291
0 0.4900241862363853 0.2760170296257848 0.03352742441056815 0.038397436680159915