0 0.3134528779837734 0.13603151175864497 0.03769090400222712 0.01837154172311406
1 0.2970920813176371 0.13126544662978262 0.030696016669318028 0.021128049525030158
0 0.2871529126352742 0.24644006727656897 0.03533806333545444 0.017467460990419424
1 0.27448928063336514 0.25984747003553094 0.020594310669954385 0.02528328301668683
0 0.6196905032622759 0.5562333056294657 0.018732366008908662 0.06656670228399228
0 0.6956910239497296 0.40699794549812884 0.01619771200668154 0.05003762155129756
0 0.7197279606142751 0.42389219640264 0.014726118674408716 0.05776823439616781
0 0.677085927275639 0.4607437432141367 0.015571003341817758 0.06327792797373277
1 0.7321279632797753 0.433141043643678 0.008339758672817865 0.04572193577564878
0 0.5534762519494114 0.40188996438132135 0.034765898671227015 0.035395267412854634
0 0.8841086339513204 0.40514659769126393 0.04484033267027243 0.028896283921197963
0 0.8668751332750027 0.47538053256240154 0.03712783000477238 0.03708059814554918