0 0.06993969866803702 0.5460431570620147 0.040367673421985016 0.03271308847375849
0 0.694655786157648 0.9502775004103323 0.016082597832553346 0.06898182508107809
0 0.7075510811010013 0.7678916944039779 0.03290534190105419 0.04117047077900686
0 0.38417861220419025 0.5257037889635211 0.021360346843970035 0.06438978246740401
0 0.3907894150562091 0.38095435065191835 0.02673359634967847 0.06214148985373029
0 0.07203805094921453 0.6359141806009649 0.04312525889724857 0.04291024878218401
0 0.34121517939066515 0.4498367642067548 0.02145584733826169 0.06673353246740418
1 0.33912343878220524 0.4944361980541306 0.016004343383928976 0.04790171185055314
1 0.7037296972223434 0.9235377224071553 0.012752009391540042 0.04472216477265221
0 0.30034744026508003 0.502149286527889 0.016736513840164412 0.06587046185055315
1 0.2864122742574688 0.5055197483784422 0.014601010874414922 0.05178068831160267
1 0.09196854897204818 0.6261846245946106 0.01964133794672147 0.02220228246740401
1 0.7219000825838761 0.774677482553425 0.019545837452429993 0.01985853246740419