0 0.7468747191876947 0.4702362618742459 0.04635817445232178 0.03831222749876275
0 0.720485715426771 0.43885678708901665 0.0443864974927175 0.024167840343632997
0 0.7206806290585399 0.6198201820460625 0.0423837282923877 0.03576375961093845
0 0.7506051244396864 0.42245718114155134 0.04236099623907634 0.03498250961093845
0 0.7388456073509275 0.5853256733396351 0.04271033722616089 0.02017970318850324
0 0.25690058854630904 0.4467710221625529 0.035701819279472156 0.020592460990419427
0 0.7188740881505977 0.574671456356322 0.028798601411925872 0.051433025214770646
0 0.758385217538342 0.6108236403229484 0.040389319279472244 0.020838122455808693
0 0.42419940030393377 0.3537569272963641 0.03930419239901042 0.037162485300678935
0 0.15465509309865558 0.18066906659920043 0.03992631802583091 0.03173467887824381
0 0.13913539317779788 0.15106013172806282 0.044568353919208284 0.03041784034363304
0 0.23124502216983078 0.3365671845324533 0.04151155007914227 0.03259781603337357
0 0.5576483977966514 0.32492151911033523 0.021994671945039103 0.05887703301668683
0 0.18550427632646588 0.2196153799190405 0.04840640775927425 0.028278808231457474
0 0.1882511916075875 0.25925441203121613 0.032773047571859816 0.053981493102595035