0 0.3186110684268363 0.29990931026762235 0.031078874409436796 0.04139960594746528
0 0.849751874787955 0.7664794188170795 0.020877984390903492 0.06192014586155707
0 0.35286950653860394 0.25678343000989756 0.030215778855940557 0.0390149123699004
0 0.3387698010036411 0.2809169708285005 0.028735124409436798 0.04127677521477065
0 0.820967165076641 0.6751893554972394 0.03514881551642972 0.04629182383528967
0 0.3253223706964217 0.3533651809144087 0.03661954627913566 0.021414654567984304
0 0.3426636381196169 0.37039222863041654 0.039689982576804894 0.020015928878243817
0 0.713779658453219 0.7299354884684977 0.040672129218760136 0.04814092887824373
0 0.7647072413928434 0.7007525995043455 0.019206356986241603 0.05871325870642714
0 0.7051610826851705 0.9097458192011922 0.03135169292109126 0.04921210594746519
0 0.3243675059056318 0.3807089309144087 0.031932046279135665 0.021168993102595034
0 0.34806790073348864 0.3942834300098975 0.036192960344286276 0.03152996099041942
0 0.7536630700712987 0.8830295109697349 0.034494051088459085 0.027541823835289848
0 0.5470485154394605 0.6809668012225109 0.03593006551642937 0.046332767412854636
0 0.46556539166299593 0.6025762075995175 0.015163697730414505 0.054602290818602836
0 0.7924404049098399 0.4871880664876588 0.02015129809323426 0.06344170228399211