0 0.6058814235627186 0.5646925380112512 0.04119488805964089 0.027172624409436706
0 0.4372907965843541 0.3981622585223385 0.039550500904511135 0.02555556070710594
1 0.45903964382539203 0.411398868503805 0.028657266508343326 0.011138396641955418
0 0.6332661171402834 0.5664286528020412 0.02331134724103805 0.013291173683797375
0 0.13698866067241974 0.6348784862050019 0.046087105947465276 0.031242565516429364
0 0.1392494442549334 0.4548189639724834 0.037988000904511134 0.02550099700477517
0 0.1431700616223594 0.5742683684189871 0.03959144448207601 0.02633681070710594
0 0.14474692898978544 0.6936359273119945 0.04440177521477064 0.0288442518140986
1 0.13382603912112223 0.6191716406515055 0.02261198439616776 0.014826391832631814
0 0.7314910916983701 0.9675670560674184 0.03617983943912186 0.020758933302444403
0 0.582204906149864 0.5295536461786192 0.03868736374938138 0.023965778855940555
1 0.5953190598133371 0.5417089057972662 0.029066702283992107 0.018950896641955418