1 0.9589658969157447 0.04018345291550875 0.04646194277582936 0.021898319399035037
1 0.8467834967535891 0.06479589488055944 0.05201251339268076 0.026681276785361207
0 0.779587125004943 0.7357026842478224 0.015389220779006863 0.031509098620028195
0 0.5932871607187579 0.6636798595737815 0.029192622158978488 0.01691081047058134
0 0.5220297694850558 0.6718139135515411 0.026176716314779823 0.02310626339268058
0 0.515571263803013 0.6388786826262646 0.025985801542127616 0.012168763392680582
0 0.6079826806042602 0.5381167978853842 0.011210235389503253 0.015815914772652383
0 0.5836821099874092 0.542381558031654 0.013594895697928955 0.01820057508107791
0 0.6684349853927987 0.47743444236549715 0.015075575081077907 0.013540348620028198
1 0.7701848514659926 0.7371015430141203 0.007303985389503253 0.015747730925276572
0 0.8435889439969408 0.5164402154974105 0.01733750446422704 0.008893758928453722
1 0.9561448599841139 0.06748629260708323 0.05108125892845372 0.018073890015886062
0 0.8504429159937636 0.5267191964226869 0.018886367694751625 0.008139782467404188