0 0.5453984020943734 0.5499315230277606 0.013940673635170953 0.05188074874635866
0 0.5558507837067568 0.5144115601747792 0.014994939420186527 0.056590980799670024
0 0.5251013126459521 0.5239145923072328 0.014077181527678917 0.05422449874635884
0 0.5106971784027328 0.558766965426771 0.013113921004335083 0.05107676669304748
0 0.5259056784733198 0.48397991409398744 0.01715667889684287 0.05353417695960409
0 0.5374809443289226 0.4139940230277606 0.015685184158514786 0.05505121285298138
0 0.5808459945265667 0.2045675472426554 0.023216963097709886 0.06384955133278351
0 0.5732316446253887 0.1007067613492781 0.023262465728545935 0.06463080133278351
0 0.5218335575254545 0.3737554679340534 0.01673944994353036 0.05976144490629283
0 0.5031444707078689 0.34847432310690285 0.01523015785015538 0.047238712852981465
0 0.4914921520943734 0.5515000347062431 0.013204926266006823 0.052639266693047485