0 0.7924247761934519 0.6972684212285503 0.025648520849682655 0.12994203866963616
0 0.5577101100544004 0.9031933465945488 0.02709736058312586 0.1260539700031817
0 0.05808556545204148 0.5190312633275003 0.02556595282385159 0.10026362933640894
0 0.11252536137454865 0.42930514465309155 0.02264554130365366 0.10725851666931803
0 0.3127803917911426 0.7849086126273199 0.03376489773014431 0.11363578600413611
0 0.07059627414838782 0.41181819999204583 0.02597512978345573 0.11432612933640893
0 0.30566788842593035 0.9702103132956836 0.02263952962517113 0.05337044800286357
1 0.5788804164017488 0.8787200579249126 0.015881064264907253 0.06266363200190916
0 0.5228430842566599 0.34950527259709413 0.03487275666391767 0.09802896733768166
0 0.35874376114975715 0.8336091946212749 0.03736125917119999 0.07619033000477238
0 0.38670127658916326 0.8543847712842296 0.04489261434404952 0.09345964600572713
0 0.5089313484424249 0.3817092452657758 0.027242113090408183 0.10418806066995448
0 0.8662557666265404 0.4682070825509598 0.042540504156634996 0.11998578333863605