1 0.9720304218650971 0.9594021493827263 0.03295795066836362 0.013645837748948253
1 0.8644906418682787 0.9397295448435553 0.05343408267027243 0.028417665879248943
0 0.8155137226289109 0.24953361997863155 0.01521646733768165 0.032549605172143184
0 0.6209364719525932 0.32739326906765764 0.02988749466899989 0.018224210344286274
0 0.5476080599538657 0.3205827630772079 0.026835220003181705 0.024365082939624562
0 0.5394046612826388 0.35444933158886216 0.02669886000159085 0.01264633293962456
0 0.6319365119350939 0.4558630094490109 0.0111284040022273 0.016788195916316084
0 0.6077632152689575 0.45280249683513907 0.013490335335772662 0.018432541469812234
0 0.6929098272597306 0.517770243206942 0.015007382001908987 0.014580855172143182
1 0.8053756539624561 0.24832578404378208 0.007222154002226944 0.01665178666048881
0 0.8753774292648213 0.4739135718853973 0.017287497334499947 0.00919395072563951
1 0.9699593918682787 0.9360464949362225 0.03771817600254508 0.020059528855940555
0 0.8817365172660938 0.46432031707607385 0.019622156667727354 0.008494546279135661