0 0.1545425966740906 0.058269707731284856 0.03774544800286348 0.021966572188333356
0 0.7996054840865414 0.6559383687285424 0.03224033533577266 0.018714285619201475
1 0.4726168174331318 0.7459574245806253 0.024436926002545257 0.01931369766329851
0 0.4622514820973592 0.7277522852379518 0.016542610001590675 0.012100609707395904
0 0.5445147106938169 0.21261955413965322 0.03148635733609062 0.021039851823611143
1 0.5607482380251352 0.19815766384704908 0.02598124466899989 0.017787565254479176
0 0.1613658560232262 0.1748032443004168 0.030705107336090796 0.021021668028020857
0 0.3091601080521794 0.3914666802802086 0.03471135467059074 0.029706337005972295
0 0.45785488343408626 0.7526431824644101 0.031504538669636165 0.022602351823611144
0 0.35378226471990665 0.4003156566288545 0.031531810669954384 0.024946101823611143
0 0.9002641766788632 0.11077329872441048 0.03384828866963616 0.02265690321038196
0 0.43485318809672285 0.722428352392292 0.0291426073360908 0.020985300436840326