0 0.38359375 0.73046875 0.03046875 0.0203125
0 0.71328125 0.65546875 0.02734375 0.0171875
0 0.13125 0.125 0.03828125 0.01953125
0 0.3109375 0.44140625 0.0296875 0.021875
0 0.134375 0.23203125 0.02890625 0.01953125
0 0.26875 0.43515625 0.03046875 0.02890625
0 0.403125 0.75859375 0.02890625 0.021875
1 0.94375 0.24140625 0.01640625 0.01015625
0 0.8125 0.15546875 0.0296875 0.01796875
1 0.5015625 0.24296875 0.02265625 0.0140625
0 0.4859375 0.253125 0.02734375 0.015625
1 0.41640625 0.753125 0.0203125 0.01796875