0 0.21954431420763942 0.6766209706490627 0.04736596248093754 0.022184777735416716
0 0.22795230698944485 0.46755509517409743 0.04524041802802081 0.0315052263486459
0 0.2299700550895838 0.5206982789696877 0.0508910059839236 0.03944501291777787
0 0.2627091666968407 0.4847614321800696 0.049019381458888935 0.02612739532659738
0 0.26195001975472276 0.6869778956109377 0.04774782218833336 0.038591027735416714
0 0.80080596589941 0.3551753025241326 0.045276785619201475 0.033067726348645896
0 0.23916582997520885 0.6474062493344099 0.04264209488975697 0.02051317496187508
0 0.4417037228332642 0.3585295065526045 0.019241615691319325 0.05510572729857639
0 0.9092321424768055 0.14921820288472298 0.04834723423243048 0.030796711531007003
0 0.7724471893982643 0.4786667007005215 0.04509494766329869 0.0252552263486459
0 0.2625124109972575 0.6440455132021183 0.031014917078090322 0.05772223423243048
0 0.8457352997712502 0.2726725802595493 0.036447299486909654 0.05628702080156254
0 0.8580346248093752 0.23079420478458404 0.05399782218833345 0.038736498100138926
0 0.5966639797671183 0.3738486480794797 0.04246091014423605 0.046276241166284746
0 0.8927719943004166 0.18006815938173687 0.04126143284565984 0.028289307370694506