0 0.22616643196965067 0.22518531059943792 0.02789602171162171 0.1126318102066545
0 0.17464008767956565 0.7948620063447118 0.027041997104515846 0.11106476502711474
0 0.18873251282479075 0.8947529220357564 0.02833266935425689 0.12200681020665449
0 0.24411375723871034 0.2758483859314029 0.02562504631872766 0.11418067466803503
0 0.57289576695862 0.511371232831586 0.027878905086233273 0.12903351502711474
0 0.8255884274215367 0.45210427537884723 0.03523764081820957 0.13610567164297294
1 0.20608698676994286 0.8407603136245001 0.019246613729904372 0.09461760841125652
0 0.31187472208763445 0.6823751210024842 0.025353218568468526 0.12511362948849508
1 0.5969540051717958 0.4643689678044714 0.015721353390822125 0.08600567769309712
0 0.8181292617868243 0.04432642079326396 0.026986339122798596 0.08865284158652792
0 0.15379277998378935 0.0691460460340012 0.055695690032421294 0.1382920920680024
0 0.3686386840365653 0.03495801380917119 0.07053513192686944 0.06991602761834238