0 0.7175258340062364 0.4993502000860208 0.03597445616851012 0.04748865462638267
0 0.7544860917168741 0.557316658690163 0.038318206168510116 0.0475295649348082
0 0.7321883518631438 0.5334797382354678 0.03598809293798535 0.04826990462638268
0 0.7534514715864904 0.6323575689985885 0.04189717370110611 0.02884774878218401
0 0.7261855880634261 0.6820672426996947 0.043527857548481916 0.0327812723211343
0 0.7548463762128731 0.6675001822291133 0.037182400162155814 0.027203428165332964
0 0.5727504910649557 0.9356031201336791 0.023747191558013726 0.06289546631478019
0 0.6915690803527884 0.624059873787127 0.017251729707460584 0.048723872158978665
0 0.7304503482096958 0.6577666720828436 0.04657103693163087 0.02814831939903506
0 0.2704850129823482 0.6767362293037188 0.021980140015886107 0.05114944277582971
0 0.18807548213650196 0.9251249107154627 0.021812544642268693 0.0862920560063543