0 0.5918188093168493 0.37924516310304357 0.03992631802583091 0.03082410266556703
0 0.5887667024946472 0.5378843772096662 0.04378710391920819 0.02937526293212365
0 0.8067331039857152 0.4636896739235962 0.04723035266556721 0.04040369114536908
0 0.6641364270261111 0.4736149402209323 0.05077288981258547 0.02801735141192587
0 0.1847083736482636 0.7732114941275052 0.04741220909205772 0.04665369114536908
0 0.3554420739648327 0.6562011535361322 0.03834108597251964 0.029997388558944314
0 0.8008180731069029 0.5057407816037282 0.05079562186589683 0.028798601411925872
0 0.2947054992750842 0.7818854636444044 0.026750368104973176 0.06088367570596294
0 0.7757247963847256 0.42760140973783123 0.026082778371529967 0.06476719365265157
0 0.25912936361913375 0.6878028430321486 0.05084108597251955 0.030361101411925873
0 0.7588866373718102 0.44196778661829317 0.026332830957954734 0.0733609436526514
0 0.24986201220720794 0.7375755224990351 0.050597045064577274 0.07562813730530316