0 0.35885409593659673 0.6200441241908687 0.029797255983923597 0.03878581047058134
0 0.8140949483288887 0.18570866559002186 0.032141005983923776 0.03882672077900682
0 0.7646768297877775 0.16158141883643273 0.02774444671336802 0.05124490016215577
0 0.3460819922131245 0.5984009492719466 0.03130520459715278 0.03646933400953163
0 0.3253155505337495 0.5847066420477762 0.030542138392743112 0.0372369472400564
0 0.7465295078837848 0.00845492350088286 0.030378484232430482 0.01690984700176572
0 0.3526606069545134 0.5170691286550956 0.03566539627652787 0.022488654626382675
0 0.755369339287083 0.4272609659143334 0.03139612357510409 0.04037558400953163
0 0.7439837765011458 0.1111819983817375 0.038736498100139016 0.053779564934808156
0 0.8504337982526387 0.10073364773311437 0.023166049486909656 0.05585057954530477
0 0.34286737965593705 0.5352015198887976 0.03873584488975697 0.020199451704283434
0 0.48384309745520815 0.24926224553906842 0.020676829122187535 0.049559669236879246
0 0.5777755886214928 0.2062332199715232 0.036083623575104085 0.04045740462638268
0 0.35880215739135374 0.4880674212687694 0.02803473423243057 0.030164786931630872
0 0.3405788342530899 0.49931856696669835 0.028870535619201387 0.032522173701106105
0 0.7896800958396876 0.0002878674945284404 0.03470230832062491 0.0005757349890568808