0 0.2625 0.73828125 0.02890625 0.02421875
0 0.56875 0.6234375 0.02578125 0.02265625
0 0.3640625 0.21640625 0.0296875 0.01953125
1 0.38125 0.2109375 0.021875 0.009375
0 0.00625 0.11640625 0.0125 0.015625
1 0.01015625 0.125 0.01640625 0.0125
0 0.18828125 0.4703125 0.03046875 0.0234375
0 0.2828125 0.77109375 0.02890625 0.021875
0 0.1484375 0.475 0.03046875 0.028125
0 0.6640625 0.134375 0.03203125 0.02109375
1 0.29765625 0.7671875 0.02265625 0.0171875
0 0.28203125 0.74140625 0.02265625 0.01875
1 0.79921875 0.2359375 0.015625 0.0125
1 0.584375 0.61640625 0.01015625 0.01171875
0 0.0046875 0.221875 0.00859375 0.01640625