0 0.5816852913701607 0.33335592390688007 0.025671252902993835 0.131487594499482
0 0.8298296231860451 0.41230059946638986 0.03299801959604132 0.1419713302314584
0 0.2466413869760987 0.5596124787026631 0.022918325943389738 0.1173159325888232
0 0.22768078681781417 0.6213504993808275 0.023767772103323814 0.11969606989237605
0 0.3881563194124862 0.8978658418133948 0.03514554130365362 0.10852312944567011
1 0.6044037258516122 0.38379041749673926 0.0156453835443795 0.08186858416039974
0 0.19584604592250718 0.0798201248975561 0.024367165676833037 0.11348245719592909
0 0.24004232680131957 0.041294366574166554 0.02301761434404952 0.08258873314833311
0 0.1581087697290553 0.7868706455757206 0.036935361836767024 0.11640840405277579
0 0.3583013348518924 0.8781911966519591 0.042063131037097 0.10494436517764641
0 0.2257441460807917 0.02288094913203114 0.021145225785105203 0.04576189826406228
0 0.7946169195707707 0.8180797185729778 0.026225182369880428 0.12371148180303493
1 0.8842430238856904 0.6336811397892615 0.023989080957954555 0.07367509449948209
0 0.33813518283209887 0.17695833643671138 0.02838707594338974 0.11757064371369372