0 0.19897910860918447 0.4293705659142599 0.030868739337999784 0.035261550079142265
0 0.5984518499363666 0.4863218772096662 0.026907945337363515 0.030460389812585476
0 0.3340786252387316 0.7068316393503672 0.028434082670272608 0.027380853919208192
0 0.4250176339910913 0.07801396905468061 0.031459085335772664 0.018878032132453627
0 0.3164644112428678 0.6758400521242063 0.029987492003499837 0.026645068025830908
0 0.023364774665818218 0.006931961599340217 0.031386360001590834 0.01262803213245362
1 0.03581932133195461 0.011201924452321665 0.0188681786680454 0.010701819279472174
0 0.33441497990932234 0.6779253893503672 0.02519090400222712 0.017133675705962935
1 0.3473962379058225 0.70409308425666 0.022874426002545346 0.019409229546029038
1 0.840297188653728 0.11979492141631379 0.017323860001590675 0.012218855172849485
0 0.23376318861395698 0.3952145262599589 0.02922442333704529 0.02818483597251955
1 0.6142041192711847 0.47583901827589303 0.012645450668363622 0.01286371285298138
0 0.017704573321136927 0.09038931927947218 0.03148635733609078 0.021221782132453626
1 0.44387672199236394 0.06918453833415279 0.017323860001590852 0.012218855172849485