0 0.3961884880649061 0.4872168977951392 0.031132368674408717 0.05774041802802081
0 0.018189662714815966 0.355014808320625 0.028488626670908894 0.031904616641249994
0 0.09591631540417855 0.523966136492882 0.04169715133672711 0.02596374116628475
0 0.08747765408176897 0.6042166809457987 0.04409544533736345 0.030705792553055566
0 0.5110049660645879 0.4875461657469101 0.03700965133672707 0.02585463839274311
0 0.610825889441404 0.8100952726045143 0.03619203866963616 0.02271145459715278
1 0.09282822541372357 0.5941877175149306 0.022047722668681713 0.015352896276527871
0 0.05765434142263226 0.6589762629177779 0.04637556066995439 0.025291593939826384
0 0.5520754087364514 0.5267729731176047 0.03310340133672725 0.02576371941479181
0 0.5301731367361332 0.5239200768410768 0.0393352200031817 0.02434668977951393
1 0.5220970073997242 0.5010819888851741 0.025999426002545435 0.019350065254479177
1 0.4147203120623608 0.46890330888930587 0.023038058004454243 0.0333398300721182