0 0.7263160185431561 0.34060632022658643 0.029828400565734013 0.025428422927693362
0 0.4184030037124332 0.47965825547438856 0.02827953610435365 0.02770850593149916
1 0.4003751663784156 0.4890823350181529 0.009434087334017604 0.010538251977166268
0 0.7054313468019873 0.3038093157779621 0.030614195745273777 0.02624150642579064
0 0.618278721222317 0.9121218814815621 0.03215851502711473 0.023180173421985018
0 0.7060307896203949 0.3350911492760593 0.02511817466803503 0.021331171939110227
1 0.6913461209042883 0.30714256281221264 0.021189198770336048 0.01726575444862428
1 0.5948321308632373 0.9127293765386464 0.014121587334017605 0.010729252965749581
0 0.8051575942679046 0.6235726705305976 0.031395445745273774 0.02627333992388774
0 0.8466774737563998 0.6057285959297489 0.0306641927202115 0.03483525642579064
1 0.17390655250621026 0.8666648710642578 0.01646079215447771 0.010043503460041237
0 0.31387250147293794 0.9856761507217531 0.033721015027114644 0.02324384041817922