0 0.9564480471244474 0.7387253265706566 0.03550168364502539 0.06060268330244423
0 0.6881055506404887 0.39660971532324574 0.022243159542724555 0.06404514183263199
0 0.6424657977136226 0.3387773679556509 0.037709078258831144 0.037247028855940556
1 0.30937410098639007 0.9504563901033514 0.026667039129415572 0.01889633293962447
1 0.9344412369177929 0.7153051847380246 0.00947499394987581 0.017514882213985138
0 0.3247662550681656 0.6424628408289909 0.024559638465485634 0.05943948738612832
0 0.3265934172431687 0.9565253408289909 0.034552262002052546 0.03166915145127867
1 0.633268059715675 0.3689187357416658 0.010433505951928268 0.048010914065150526
1 0.30929579117251904 0.6684797038056823 0.00869374394987581 0.017487600362819756
0 0.6274493308911099 0.30857151278350775 0.038531234874689346 0.04430556070710594
0 0.6562561078220812 0.4267411594254632 0.0369414637974506 0.03956349700477517
0 0.9763060291704665 0.6613096547009578 0.03925794272021186 0.03495784255827132
1 0.6991203186926656 0.4102729112395617 0.015879530054229284 0.04429563702330856