0 0.2270611949104162 0.518406744032453 0.046802918028020814 0.031005099339590635
0 0.20968924411298556 0.6604306120305441 0.04500402868534721 0.020830668006045095
0 0.2500414871791314 0.6726220767027256 0.04456827080156254 0.03566532733927232
0 0.2606919657119787 0.4836323020369074 0.046602896276527875 0.022411349339590637
0 0.22898802403260374 0.4691970846992257 0.04431369766329869 0.024727827339272323
0 0.7582780933711455 0.35813669410404064 0.043623366641249994 0.02862498667249973
0 0.8226153099361456 0.24635485677908572 0.04691202080156245 0.03569259933959064
0 0.22829442695864532 0.6332959473663167 0.03562902868534721 0.020721580004772377
0 0.8727620867216318 0.17348097811899454 0.04057110182361114 0.03171362400540882
0 0.7353653106017357 0.46961908676794994 0.04513131525447918 0.026299418006045273
0 0.581279182276979 0.3748322034134054 0.038409189779513755 0.03949885200509069
0 0.7192162465815275 0.32407932009863183 0.021585365691319504 0.0549238573360908
0 0.8022476053389929 0.28206509010976766 0.02692682912218771 0.04951874200349984
0 0.429662130890208 0.37541236405949724 0.020622277735416715 0.04710226666931803
0 0.25169555936746474 0.6351311673694984 0.022947843939826386 0.04634828866963616
0 0.8603523524892012 0.20303211811740368 0.03831827080156245 0.03559260200509069
0 0.20725261550388824 0.765118112030544 0.02874324905006951 0.026889764003817974