0 0.04609375 0.46015625 0.03828125 0.03046875
0 0.63203125 0.06015625 0.0125 0.06640625
0 0.6515625 0.23515625 0.03046875 0.0390625
0 0.35 0.47421875 0.01796875 0.06171875
0 0.36171875 0.61328125 0.0234375 0.059375
0 0.0453125 0.37265625 0.03984375 0.040625
0 0.3109375 0.54765625 0.01796875 0.06328125
1 0.3078125 0.5046875 0.01328125 0.0453125
1 0.6421875 0.08515625 0.0109375 0.04296875
0 0.2703125 0.4984375 0.0140625 0.06328125
1 0.25625 0.4953125 0.0125 0.04921875
1 0.06484375 0.38203125 0.01796875 0.02109375
1 0.665625 0.22890625 0.01796875 0.01875