0 0.3140533867765777 0.8202210222059403 0.050886550079142265 0.03250609387822081
0 0.5514514690546806 0.40381613631293495 0.049946175705962756 0.027005510380123353
0 0.5829384644358271 0.5988593808757274 0.03598061559769068 0.08340009041817957
0 0.8167247795586642 0.4884325809522771 0.047048496239076344 0.0346906763877346
0 0.8307956397460785 0.4612652444884304 0.04673024749271733 0.0237531763877346
0 0.3513738788590189 0.7318787638029833 0.05632420783841656 0.05847834486680377
0 0.6336849590255508 0.4880691195070209 0.053852425705962936 0.02716467787060921
0 0.8199574281467384 0.43824157996369395 0.05075015775927412 0.027818593878220454
0 0.3234163634196127 0.7118991862363853 0.04484113855894432 0.03928267589344294
0 0.7839457203083218 0.38339225387997067 0.035048601411925694 0.05136884041817939
0 0.2293374059769076 0.8119402900004374 0.0530628155185485 0.05366351087441501
0 0.35257031749710555 0.7998793473010807 0.04488660266556703 0.04084517589344294