0 0.6500929959098719 0.5913815833269969 0.04436376543940614 0.021348280054229462
0 0.08735158432316696 0.11302724082661783 0.02442935015828458 0.061069310206654445
0 0.6385069750601893 0.7210236315315987 0.03473035266556686 0.03925794272021186
0 0.6690104804704656 0.612588962815492 0.04048024749271768 0.022106804156530303
0 0.6526293110327089 0.6921946495837754 0.03339517319868044 0.04706135236113216
0 0.11870322123275867 0.2171334787263694 0.04277017319868044 0.047115894515609914
0 0.18110393283209886 0.19405504791001432 0.022040136051661906 0.05949317466803503
0 0.23957566237812777 0.17173514119596017 0.044423601411925875 0.05024998487468953
0 0.6742686303121811 0.6735673694313503 0.034866744985435 0.04394544272021186
0 0.5091570735026143 0.33270549921443304 0.015812868104973177 0.060238063231716585
0 0.6430533857224574 0.5647736315315987 0.03997178213245363 0.03147725897699054
0 0.4276008481132205 0.2353396198241337 0.03454013605166182 0.05956589754067192
0 0.6698515664429853 0.583682712815492 0.038136497492717504 0.02209316861791084
0 0.1959800897334433 0.005047090064492024 0.03616482053311341 0.008021578258831208
0 0.14870765531849878 0.4212488069852006 0.023071438638086673 0.06809146984757479