0 0.19659244491041625 0.5119839825501297 0.05303473423243057 0.030601163554836396
0 0.23888839447357593 0.5401402102289953 0.05248987357510417 0.04074377678536116
0 0.23199804236562435 0.7690737337679456 0.0424427263486459 0.045253998782184016
0 0.22805607798482574 0.7371243043847966 0.04029899810013902 0.053806838473758486
0 0.9504688594230555 0.16458586770134226 0.05136313145888884 0.025886390015886017
0 0.8391287030785414 0.3180302418889157 0.020041702697291795 0.08937614569792895
0 0.15763512842166608 0.7094590004070371 0.044386432845659754 0.028107409090609537
0 0.7411263077519441 0.3681587013038368 0.048419969414791805 0.03364434293798535
0 0.4306414430105551 0.454795225246529 0.03610180737069442 0.0412386546263825
0 0.7690714294271872 0.2747399379111562 0.0481478656913195 0.05550570616851021
0 0.8164704934473954 0.4191660478952701 0.05210866707809032 0.057917640015886104
0 0.18222016717499953 0.5590908076312076 0.05377961664124999 0.02905230032431163
0 0.6228484332269094 0.3834991034945875 0.03194163744281262 0.06381308400953163
0 0.8174180104492359 0.2778007082036956 0.045985953647222286 0.06327729586008468
0 0.18276306820118 0.6699737605533068 0.032377395326597294 0.04898297077900686
0 0.9442727575994443 0.19593132508766847 0.04438643284565984 0.028107409090609537
0 0.1719664660932284 0.8989754679396331 0.022947843939826428 0.04647557954530477