0 0.3578125 0.48046875 0.0234375 0.04921875
1 0.371875 0.4921875 0.02578125 0.02421875
0 0.65 0.0296875 0.03984375 0.02109375
0 0.45546875 0.5203125 0.0359375 0.02421875
0 0.02109375 0.3578125 0.0421875 0.02421875
0 0.065625 0.4734375 0.03828125 0.021875
0 0.05078125 0.40546875 0.04453125 0.02578125
1 0.0546875 0.41875 0.02265625 0.01171875
0 0.53671875 0.24140625 0.0328125 0.02421875
1 0.4640625 0.5046875 0.0265625 0.01640625
0 0.4828125 0.490625 0.05234375 0.02890625
1 0.50078125 0.49296875 0.02109375 0.0171875