0 0.3953125 0.68515625 0.0234375 0.0515625
0 0.56015625 0.50859375 0.0375 0.02421875
1 0.4109375 0.6953125 0.02421875 0.02265625
0 0.58359375 0.5078125 0.02734375 0.01796875
1 0.77734375 0.02890625 0.02421875 0.01015625
0 0.39609375 0.6859375 0.02421875 0.05078125
0 0.540625 0.54140625 0.034375 0.01875
0 0.64921875 0.18203125 0.03359375 0.02265625
0 0.1046875 0.5796875 0.03671875 0.01953125
0 0.13828125 0.5 0.0375 0.02109375
0 0.11484375 0.36328125 0.040625 0.0203125
0 0.13671875 0.41328125 0.03984375 0.02890625
0 0.76484375 0.0171875 0.03515625 0.01953125
1 0.55 0.52578125 0.025 0.0140625
1 0.1359375 0.42421875 0.0234375 0.01328125