0 0.6785183470965748 0.5092095440889262 0.04785169272021186 0.03636941048099125
0 0.7784092627876195 0.5337838808359245 0.03621475595192827 0.04974937101845249
0 0.6001797236582039 0.5413780310053338 0.03852668969514959 0.04441712891096028
0 0.7817751573032293 0.4925596413592682 0.043182373438370905 0.03922139469597585
0 0.022217213826752024 0.9784113177616718 0.04443442765350405 0.04317736447665652
0 0.19326106138500482 0.7669809156014888 0.04635282523376909 0.04721590521931951
0 0.7512791362259905 0.4954725387566672 0.01908179810640611 0.05812331314006229
0 0.9360733345053471 0.16549515437227352 0.03212669877033605 0.018271857864272923
0 0.21585822405098734 0.7784567418957307 0.05580054810640602 0.060261936789350656
0 0.053888968295450715 0.9464269499435304 0.042469301131468164 0.05089464206513981
0 0.23487638964383603 0.7334550550357929 0.04783351200205255 0.03324441048099143
0 0.7179490066392994 0.4482034256307224 0.038549415592848746 0.04832337891096028
0 0.6041955788480065 0.3884350415286774 0.04558066559284875 0.04873290258848364
0 0.2895002571302787 0.7475777391943076 0.03310793667008758 0.052692360495108836
0 0.22734114559576435 0.6853437787274336 0.03453862646343318 0.030127115756780752
0 0.3828871636479411 0.6811175522637827 0.031390900565734105 0.02603885523343692