0 0.44403596671852175 0.3194863906738538 0.017419325081077908 0.013681293502986058
0 0.410864956572252 0.3444870438842358 0.012813645697928954 0.018259690729444424
0 0.5283969245085898 0.6301498273192356 0.009865923701106106 0.02834320554708327
0 0.38757173254683436 0.26374619016076356 0.008221603084255059 0.023619337955902785
0 0.43815020535443594 0.3852750448341663 0.01665171185055314 0.014444359707395904
0 0.5486491489410446 0.5366719310427079 0.016706258928453722 0.017569359707395905
0 0.9061379151730989 0.778452855435902 0.007453989853730292 0.02438240416031263
0 0.8053197090045886 0.7339053812714577 0.015965919236879244 0.019894925911805573
0 0.4118969914719928 0.761820014248958 0.011632975243233545 0.04009832313826393
0 0.2717518636342667 0.300049325703715 0.01592500892845372 0.01755117591180557
0 0.43040016071216736 0.29948301519888854 0.015788641233702095 0.009738675911805572
0 0.29640917004765815 0.1455066428580553 0.015266489853730292 0.024564242116215284
1 0.38824388839103297 0.2574780063651733 0.004892051542127618 0.011827852773541637
1 0.4359234577900679 0.3024807286297566 0.007126707386326103 0.005632404160312454
1 0.4469564151763942 0.3076949054914927 0.01345852800317715 0.010465374525034755
0 0.5308673595737815 0.5925770921368746 0.0105108060063543 0.020548889342673606
0 0.5207111095737815 0.5928134814795482 0.008248876623205347 0.025181837955902786
1 0.5245764492653561 0.5903788125015967 0.005659664772652384 0.011064786569131967
0 0.5206389715864904 0.6334566652751384 0.011551154626382676 0.035410823138263936
1 0.5236276038917387 0.6255714300927774 0.004878414772652384 0.011046602773541636
1 0.9126606505626021 0.7939323850711798 0.00731762215897831 0.01656990416031263