0 0.3899274106678045 0.4461047484813886 0.031907125516728564 0.04834723423243048
0 0.3699423963997809 0.45360877716673575 0.027292400123834513 0.04980063145888884
0 0.39900281182509634 0.5905814470946178 0.030417400123834426 0.04987336664124999
0 0.3857750657540377 0.5752473878240622 0.03615797787409356 0.03908133700597212
0 0.8603959985522579 0.03550294244187428 0.0210252834984459 0.0660432272985764
0 0.383897888541898 0.48456783643729134 0.037266713606069854 0.04613077080156245
0 0.5960167830841613 0.20276840330729118 0.026166547766469605 0.05913926386770836
0 0.3608478403611436 0.5773917692829511 0.027690506410140793 0.02483699905006951
0 0.38940517989822687 0.51885191745934 0.04238870719592906 0.02205749116628475
0 0.5127847520669147 0.17889645184427042 0.03308648180303493 0.02340178561920143
0 0.7738421842414531 0.3433174020730202 0.019353621587787195 0.0636631097073959
0 0.8331486019430802 0.12216779426548544 0.04080909057054072 0.03840918977951393
0 0.7814576693542569 0.10381849097885351 0.016374170801998923 0.0667153745250347
0 0.7871040477664696 0.04033721922736046 0.04367937944567011 0.03301317496187504