0 0.0833111319758538 0.6271268508736807 0.03339477323170459 0.11082905043684015
0 0.5611696047526354 0.11452754625586851 0.030666362661300895 0.13964438145888888
0 0.28483655091203347 0.247806946047778 0.0384642752088709 0.12031315321038197
0 0.2514350963868595 0.46245002108590294 0.028930107718384956 0.1161886976632985
0 0.04061695459953607 0.575400043502986 0.03189594022789899 0.11235518284565985
0 0.31446304250907653 0.20869054787138913 0.03540294220506537 0.1218029180280209
0 0.054975226348365915 0.6787614328456597 0.033617607718384956 0.11629780043684032
0 0.8267003987445868 0.32910376500507016 0.040727112167009236 0.13753702080156244
0 0.5238499017475172 0.7310415926086462 0.0290574417107738 0.11931369766329869
0 0.8572778725843136 0.6006521098948271 0.03859160920125966 0.12343815321038196
0 0.3018954224334019 0.0343445113022572 0.022540844866803765 0.05516027868534723
0 0.5080365593521716 0.6877455342880212 0.03548385524692712 0.10463360182361114
1 0.5832501931936485 0.13923725873680604 0.02084835228117754 0.09024379350298614