0 0.38203125 0.72578125 0.03046875 0.01953125
0 0.13046875 0.125 0.03515625 0.01796875
1 0.4125 0.74140625 0.02265625 0.01328125
0 0.4046875 0.72890625 0.0140625 0.01328125
0 0.71875 0.66171875 0.02734375 0.01640625
0 0.4828125 0.26875 0.03046875 0.0140625
1 0.496875 0.25390625 0.021875 0.0171875
0 0.81875 0.15859375 0.03203125 0.025
0 0.30703125 0.4203125 0.028125 0.02734375
0 0.26328125 0.4125 0.03125 0.02578125
0 0.13671875 0.228125 0.02890625 0.01796875
1 0.9453125 0.253125 0.01640625 0.01484375
0 0.4 0.74921875 0.03046875 0.01796875
0 0.565625 0.01328125 0.02421875 0.02578125