0 0.5078125 0.5546875 0.03359375 0.0171875
0 0.590625 0.5265625 0.028125 0.03828125
1 0.5265625 0.54765625 0.02265625 0.0140625
0 0.56171875 0.55625 0.02265625 0.04453125
0 0.60625 0.53828125 0.02421875 0.034375
0 0.20703125 0.45546875 0.0328125 0.01953125
1 0.1921875 0.4265625 0.01875 0.0109375
0 0.2109375 0.359375 0.03671875 0.02109375
0 0.22578125 0.55 0.03203125 0.0171875
0 0.18515625 0.41640625 0.0375 0.021875
0 0.6859375 0.10546875 0.03046875 0.0171875
1 0.20078125 0.428125 0.00390625 0.00859375
1 0.571875 0.5609375 0.0171875 0.0328125