0 0.6610758911456255 0.5954073721951014 0.030070012917777687 0.05084108597251955
0 0.649265568957292 0.5575891234487426 0.03771885875746541 0.04403715650563296
0 0.6397808129733684 0.5190578208623178 0.042696646276527875 0.02310253087881229
0 0.6409088615103478 0.6010663388090065 0.031577961531007046 0.048542800079142266
0 0.4173668312094798 0.8248745971887838 0.03179616707809032 0.05791780007914227
0 0.5042135209889939 0.8664376230530312 0.034121080072118205 0.0236337282923877
0 0.6342198375746532 0.4478504105957611 0.0322864763486459 0.04544053213245362
0 0.6655243889614241 0.4511034427282148 0.033630770801562446 0.03611099623907634
0 0.2098121703996536 0.9947753611110187 0.044876742116215326 0.010449277777962607
0 0.6462840796908684 0.46303514139543117 0.03744610182361115 0.032318406505633133
0 0.23969381325770894 0.7049388672470434 0.021167791603125076 0.0708808013327836
0 0.1756897839067716 0.9068446965556454 0.03740973423243057 0.030755906505633136
0 0.14700304587461888 0.9807610023917277 0.021276241166284748 0.03847799521654451
0 0.22932393018329938 0.9302654761808167 0.013337107807534743 0.06987223079967038