0 0.4967516887078432 0.27582643329431733 0.018475427376317733 0.051258623119538174
0 0.6142496175298546 0.6095074483380121 0.02887175790866543 0.038295621865896835
0 0.6008264460850359 0.6325274111909935 0.02815417490485981 0.03983538981258548
0 0.6238912143738247 0.54524035985821 0.036733337452429994 0.020576924452321777
0 0.2521633833843665 0.15028819035394628 0.03803851087441492 0.05260817445232169
0 0.6104972178338658 0.5292432868178141 0.03507533695813834 0.01818771034569906
0 0.2199756244871179 0.19336224043308853 0.022349843878220456 0.05059103338609487
0 0.636665786997507 0.5955897008452945 0.028026840912470874 0.036710389812585474
0 0.13821097133108795 0.13175480219071334 0.027164677870609298 0.053852425705962895
0 0.25760691155898696 0.0179268086567752 0.02965300790866543 0.0358536173135504
0 0.4109216180613272 0.21823890531849877 0.03842317144481875 0.023747388558944316
0 0.169179787034688 0.21434834184501436 0.03502625741437382 0.03613372829238761
0 0.6251963877958098 0.51320910985821 0.030769838935304605 0.02742631802583091
0 0.21388874505708416 0.017186185339381346 0.03805575692008221 0.03388090650563301
0 0.20204007209220967 0.4420270609662019 0.027754926882026076 0.04918765775927412
0 0.6037670567691704 0.5029081073509276 0.03292258794672147 0.022807014185764984