0 0.1487259711662517 0.24744799835064732 0.03730978338609488 0.021380906505632957
0 0.530102969450392 0.5631900409744492 0.029011550079142266 0.03128710391920819
0 0.5586682386507219 0.5506302050019297 0.03071044239901042 0.03602006802583091
1 0.15775163017916713 0.2620416957642226 0.02058528463973608 0.009966033386094874
1 0.5408813450772125 0.5574030422280905 0.02338367570596276 0.02565922954602886
0 0.5770007015037033 0.5626073677757688 0.023406407759274293 0.02644047954602886
0 0.5631140462517117 0.5153148306287503 0.031037051332783606 0.02041780007914227
0 0.960254785364652 0.7547527860263913 0.030346729546028683 0.02352006802583091
1 0.9692349802709448 0.7677839834399667 0.021502926959604096 0.014676265439406321
0 0.2862667382550105 0.4060835492877195 0.0311052474927175 0.022761550079142268
0 0.24136811223247845 0.26039061605990915 0.034389371865896835 0.0283212282923877
0 0.19978601748447025 0.3092971289920329 0.031841033386094876 0.021221782132453626
1 0.5794293680384662 0.5117124575092121 0.023846676959604095 0.01474446159934022