0 0.3197991563454202 0.3674112555591449 0.04675843811176765 0.0416698704133089
0 0.5059028366526397 0.440354372751 0.03702877404661713 0.03145907825883114
0 0.3123512109772585 0.15413000555914488 0.04193452885594055 0.03773634933607006
0 0.2785392392850448 0.39372831586399515 0.04721230589778251 0.03229941559284875
0 0.8325447261230188 0.6234678963623216 0.05071925181409824 0.04325509631100797
0 0.7874827080668515 0.5185395018467117 0.031597229581580066 0.0548602168225127
0 0.311907266875041 0.18615216520006528 0.041316969962933124 0.04241930415653021
0 0.2631944922802697 0.3569277526322786 0.051845242195451745 0.030764186670087578
0 0.8711781509879426 0.5666729956983916 0.039446935116542646 0.0783386234383709
0 0.987383479508155 0.7158286340656814 0.025233040983690103 0.024505096311007966
0 0.8595610939090339 0.6142519776462149 0.04250744773041433 0.05414259933607006
0 0.6687500662342195 0.4959781797362006 0.019588302902557687 0.06884999394987582
0 0.8759722891923776 0.50265140231425 0.046413697730414684 0.054165325233769226
0 0.9859952083197243 0.6853280678089029 0.02800958336055146 0.033053394515609825
0 0.23422870017748526 0.22084935206654457 0.03691964664195542 0.02833407825883123
0 0.2551240427357566 0.2600254815550398 0.027127984390903314 0.06108294574527386