0 0.34298436510817776 0.8271202970021108 0.03478111374938138 0.024612863125944528
0 0.7129903279076195 0.7648217782333235 0.030711089439121864 0.02126034997176518
0 0.09780897896910083 0.13734735253201388 0.043292976594251666 0.02355089206513994
0 0.27860311906490665 0.5005130233951747 0.03412269448207601 0.026911110495108838
0 0.09466961160167482 0.25706061305535755 0.033917976594251664 0.023004860495108838
0 0.2328369176854257 0.4915783681758551 0.036053686680159916 0.03403336575678075
0 0.3624813155831476 0.8588176180346807 0.03330050090451113 0.026084357864272788
0 0.8530796551338111 0.21503315181202476 0.03465828301668665 0.022269113125944706
1 0.5018679579382017 0.2925317363517102 0.025818871551297563 0.017081084186749605
0 0.4840663042747286 0.30324942847331987 0.03136950870642714 0.01896210260260105
1 0.3776116706261018 0.8542134180205633 0.023679839439121865 0.02085082629424164