0 0.4851972841433006 0.5300936925451326 0.029430173421985017 0.03366934471009344
1 0.48623586072131547 0.49792593465262486 0.02188958745242999 0.020759821032569903
0 0.5017653602270239 0.4946721320359064 0.03057883794672147 0.02360409997176518
1 0.4979201186299809 0.5348344004517578 0.02204875494291585 0.024666071032569903
0 0.4669566201128557 0.5436857556851948 0.019082922433401883 0.028390310509226246
0 0.11166291954201442 0.7993104842855716 0.029016337946721472 0.023513094710093087
1 0.1000542574887359 0.8219135263789464 0.021730419961943914 0.016853571032569903
0 0.8278119125847511 0.3284585139306385 0.030483337452429992 0.02126034997176518
0 0.7994839827369755 0.26746010074822396 0.03295442144481857 0.024521857864272967
0 0.7625317638773454 0.41761899544419984 0.030451503954332538 0.02047909997176518
0 0.34258143083635884 0.047393855586372824 0.028825336958138336 0.018825594710093284
1 0.8608499056646689 0.29364389817385783 0.01932300296574958 0.015154563140062116
0 0.509016786120467 0.538103613620055 0.029334672927693362 0.03132559471009326
0 0.8565298201894054 0.2837151613280374 0.03601575444862419 0.023141368387616622