0 0.05438900003718104 0.3968723414067626 0.02889827422028777 0.11583058844101304
0 0.7972900603407547 0.7126059956257378 0.03320111364988385 0.14486417243340188
0 0.05358252821180152 0.530211423421985 0.03423969022789899 0.11292842292769337
1 0.5645770139145265 0.8778331117098986 0.01831360129259423 0.08576108646384668
0 0.295437036157648 0.9667484426993569 0.021869682813525238 0.06650311460128613
0 0.0938189145619175 0.38833959980971955 0.025423105741218623 0.10710950444862428
0 0.5444382688574424 0.9004111072612744 0.030874609695551315 0.1260505054372075
0 0.36529725551156955 0.8299354866913081 0.032677190227899014 0.11286475593149917
0 0.5426264876798914 0.35827002821180154 0.03548385524692712 0.10517958992388791
0 0.530314830075237 0.40066577524605196 0.03985302026595505 0.09755809091247088
0 0.4879216720134723 0.8341520958925679 0.04857410425834381 0.10103325939154004
0 0.46229958950395833 0.8370078404553605 0.04379110376405233 0.09849850840295708
1 0.8034034560824109 0.6138010811010013 0.015668762357289624 0.0591349194676523
0 0.8947075939154014 0.4810296848650536 0.04217952422028759 0.11637175790866543