0 0.2703882350968903 0.8556055231352087 0.021363005437207504 0.0261358060063543
1 0.2700208205721538 0.8454629099046838 0.012977502471457925 0.011936938311602674
0 0.695488983156905 0.4625223559302195 0.015159426387734598 0.04632557508107791
0 0.3176001106097724 0.65492368466145 0.04057592045623544 0.018664225243233544
0 0.6606019885941125 0.4373683973260773 0.013692426882026255 0.04864205154212762
0 0.5280468151721275 0.47169062459790584 0.03083350593149916 0.028643197240056394
0 0.677314644715892 0.48704111485867313 0.017902424410568153 0.037005122158978665
0 0.8279194811797386 0.46957910511944057 0.03858233893530496 0.0272170649348082
0 0.13015716593324914 0.7909135519491646 0.03204583745242991 0.020076720779006685
0 0.8135824085560565 0.41908422727841915 0.03171025642579082 0.03100058400953163
0 0.611759923384804 0.35234456088091365 0.013947094866803766 0.05489205154212753
1 0.7059317346397798 0.4553138279270422 0.009181340418179395 0.03373011769475163
0 0.30450454441188074 0.5739600568204286 0.02485541996194396 0.016047739853730293
0 0.24502347916539122 0.8841532629889388 0.02247983646384668 0.015225579545304768
1 0.30278819410786956 0.6544015332814783 0.011415002471457925 0.011909664772652383
1 0.29095138038143586 0.5617055186709816 0.017665002471457924 0.012018758928453721