0 0.7189668194023303 0.3970787228646654 0.029397173701106106 0.0296399123699004
0 0.5986837727314668 0.5805640094993968 0.023147173701106104 0.029312363749381377
0 0.7011850300350673 0.3425926187262224 0.028479556006354302 0.021786468792335523
0 0.5183272601462697 0.005535460340936294 0.029369900162155814 0.011070920681872588
1 0.3508850211066137 0.3781228414752868 0.016719895697928956 0.01882856512886235
0 0.6083218254914102 0.6097192429910534 0.029192622158978665 0.0179211623699004
0 0.5983195340955525 0.6461480659218319 0.028520466314780002 0.024130218792335612
0 0.9253624642861851 0.020190917008057144 0.030809669236879243 0.02112804952503016
1 0.590629765020829 0.6395262516974807 0.022215919236879246 0.020677670171816587
0 0.3640026298729116 0.3868018006566839 0.024010244317957154 0.034040807326946254
1 0.1395340584419864 0.05513015603832233 0.018227848620028197 0.01578545228399215
1 0.4996727175325959 0.0008053557502377378 0.01826875892845372 0.0016107115004754756