0 0.31999818771926003 0.3069072867453069 0.03296900889724856 0.04327877404661713
0 0.33429810965837026 0.2823710782151191 0.032809841406762616 0.03937252404661713
0 0.5351430962753163 0.7486310283926044 0.040254926882026254 0.04977431070710594
0 0.3217105849437909 0.3992857597034648 0.040639587452429904 0.020922624409436884
0 0.45104928057171634 0.6619817110620765 0.018698261862997965 0.05682291887447395
0 0.2957648502668301 0.325620081210344 0.032187758897248564 0.04325149219545166
0 0.30369275540002644 0.3806622452754946 0.03757825444862428 0.022375997004775085
0 0.8487506570360004 0.8667659918169335 0.025856845855386723 0.060193455534962935
0 0.75425921631381 0.9776910789329094 0.04017667243340171 0.028707842558271322
0 0.8208577617886359 0.7640849359191509 0.035503759885831696 0.04804811960011328
0 0.7034952123594773 0.9839955846802979 0.03260159437251211 0.032008830639404094
0 0.7114389994313463 0.8189410723094873 0.04106801038012335 0.05058284255827132
0 0.7610861723590397 0.7909450470817438 0.02435801285158128 0.06170139183263199
0 0.30398191547613856 0.4119668089778255 0.036174921939110226 0.026227683302444228
0 0.7920164732710733 0.5502754070632104 0.01735859634967838 0.062237105172143