0 0.4337327212590649 0.3565119793768356 0.021479047766469604 0.0596858131400622
0 0.4471744830458892 0.40247692676011715 0.028473910462916762 0.059314086817585474
0 0.44664363606520785 0.46405916886760934 0.023223484284234173 0.06368306840173403
0 0.4869090711352305 0.40250004258748506 0.024004734284234174 0.0637285710325699
0 0.4129471863128769 0.3678512977785696 0.02315070967712849 0.062120568401734036
0 0.47392107361642977 0.36352084257336753 0.022677674730940466 0.05196431840173403
0 0.4724740818885974 0.5451425688958442 0.015301822373575469 0.0608842920933748
0 0.4429642103008101 0.6099709083442656 0.016500449338046154 0.05316279735504672
0 0.46080668176476286 0.5949073504658753 0.015847631926869353 0.0726030420933748
0 0.5319067781262717 0.774641082120611 0.018518867658845826 0.07977079998588259
0 0.5485205816837097 0.9365117505646975 0.025348910462916763 0.059132076294241644