0 0.42421875 0.3765625 0.03828125 0.03046875
0 0.421875 0.52578125 0.04296875 0.02578125
0 0.3515625 0.4671875 0.04609375 0.02421875
0 0.22265625 0.45234375 0.0390625 0.034375
0 0.228125 0.49453125 0.04375 0.025
0 0.634375 0.6484375 0.03671875 0.0328125
0 0.25234375 0.428125 0.01953125 0.05625
0 0.7453125 0.7328125 0.0421875 0.0640625
0 0.80234375 0.7640625 0.040625 0.0375
0 0.2796875 0.43046875 0.015625 0.05703125
0 0.0421875 0.13515625 0.028125 0.028125
0 0.70234375 0.76796875 0.01640625 0.065625