0 0.03161087247277049 0.6030507921615834 0.0279578567298018 0.11161946159934022
0 0.750724264297275 0.30511180186150894 0.031447612661300896 0.1398126577592742
0 0.030677066655002184 0.4727638985880741 0.03254985623551021 0.10941210391920819
1 0.5256008833843665 0.14233197169497708 0.01743685079830275 0.0832216769596041
0 0.2644962401141683 0.04313557723028448 0.022570019771663487 0.08627115446056896
0 0.07029137049560415 0.6112891894960164 0.024482688250732652 0.10293478338609496
0 0.5054303048291852 0.12028948713438328 0.02993419220506528 0.12182117570596289
0 0.33260295847950666 0.1869638247562555 0.031768606235510165 0.10938937186589692
0 0.5043188606097724 0.6454797037482884 0.03457527125453837 0.10166780007914226
0 0.49194353600892377 0.6044826307078925 0.038163186273566296 0.09396896034569906
0 0.45132112498140947 0.18428980265293174 0.046884270265955055 0.09734401293212373
0 0.4264802924718955 0.18111097835889467 0.0421012697716634 0.09486387061225568
1 0.7569649940313199 0.40091003516846146 0.015605095361095245 0.05741769490629274
0 0.8453351328528939 0.5302134387711007 0.04127094022789919 0.11278715650563313