0 0.486489510149565 0.5227654436388813 0.019813668019063257 0.06159226442797028
0 0.46740649919251637 0.6307589929132419 0.018155710632737153 0.05606895072563951
0 0.4472712771956936 0.6198934147829407 0.021335257710637733 0.05930307813030104
0 0.515978187097082 0.4456225902808367 0.012686960632737155 0.05587797776748147
0 0.5213360685915515 0.586520408792491 0.02132162094116268 0.058521828130301046
0 0.48228720536102665 0.5843750662342195 0.027530710632737154 0.05639633293962447
0 0.4912878786550956 0.38222228919237755 0.013413663554836397 0.05278025961864685
0 0.6166556659904684 0.05202141242068805 0.022938668019063257 0.06170139183263199
0 0.5050565036567433 0.6234747717691824 0.021911956168510115 0.04761160998146643
0 0.5089975300350674 0.3976935217691825 0.014508559252765351 0.07077629146981224
0 0.5871203502448813 0.22140632948106348 0.018605724025417558 0.08185020072563942