0 0.3017170092149649 0.4523685095338289 0.032268292553055564 0.04484127404661713
0 0.31568924344739546 0.4222172180640166 0.03297680737069451 0.04174355589778252
0 0.28169479673402736 0.4741443058129645 0.03453930737069442 0.04179811960011346
0 0.4456780294478465 0.8072047985565703 0.023293336056041624 0.061701391832632166
0 0.28245655651767315 0.5420312102594682 0.04049836664124999 0.029516374409436708
0 0.5159340184299298 0.9077925863981857 0.03477634992375016 0.08552083774894825
0 0.3038587778323259 0.5615798184268362 0.04195176386770836 0.024883438111767832
0 0.308745646373437 0.5863888454686783 0.03502961664125 0.02932540145127884
0 0.2832735208984717 0.5740078965571375 0.03891768284565966 0.02868056070710594
0 0.837753813832777 0.9324626818668638 0.035720600873680654 0.05901290145127902
0 0.7222632857161105 0.561800496202167 0.022675087005972115 0.03513889183263199
0 0.7772157041253811 0.9509696344066019 0.01504442496187508 0.04267857332097762
0 0.7980224326582285 0.7613342155321278 0.01729790919430556 0.07242063702330856
0 0.7012162485782978 0.9629909739696483 0.03335801386770818 0.024583337748947897
0 0.33434636483829816 0.52616810808255 0.018205792553055565 0.04435020072563951