0 0.6071508429456248 0.5232883064166869 0.036954445386587056 0.04981876785690744
0 0.5953192282917323 0.5703269476503888 0.04143722749876275 0.045994338473758486
0 0.04696020918139711 0.012874567573134866 0.04822613805964091 0.025749135146269732
0 0.5788211250578005 0.5276854801177929 0.041027791723114146 0.038181838473758486
0 0.3102769222079814 0.3497276700509534 0.047363000904511135 0.02502331939903506
0 0.06460805461341282 0.04804598782513538 0.0464998637493814 0.02344718262955985
0 0.5763468210102145 0.6791525227314666 0.04099017017181659 0.022570475243233544
0 0.5607970641128096 0.6482025316599205 0.041150622455808514 0.04052558847375849
0 0.5588760379935278 0.6997513948904454 0.04251172659425162 0.021816498782184012
0 0.10465876526514797 0.23701698457872453 0.04699118668015991 0.032822182629559826
0 0.5911153279076196 0.7101161505724882 0.0370429765942518 0.02172104139585791
0 0.43441046302658426 0.3342918104738766 0.020548195386587052 0.04953239569792896
0 0.08591981060630663 0.10309199797140511 0.0476086623699004 0.029710819399035016
0 0.07416676108127647 0.13373802597458231 0.03135954262762519 0.062209673701106104
0 0.1588516203081021 0.23060729748493775 0.017419873360319825 0.06430796185055306