0 0.17757065747234702 0.6964955101668011 0.025001774349729233 0.13516617368379755
0 0.4263279371003773 0.8931522222403678 0.027236430193927852 0.1289980192372937
1 0.40413533726253303 0.8673808959241652 0.015507997564368025 0.08330357332097763
0 0.8747628518697343 0.3856050400342319 0.02053641680124727 0.10299851442797028
0 0.4376134537361735 0.33606640853803693 0.022385288960225756 0.11945932813030113
0 0.9139617195644861 0.3764284474759605 0.027004605112849946 0.11571676923729371
0 0.9259923409126858 0.4923436241549828 0.02777221834337489 0.11496280108845909
0 0.4564492284929399 0.3752281122589013 0.024538124187573375 0.10860367368379738
0 0.6513609391289722 0.7939433628070555 0.04167107710967279 0.10607887440943671
0 0.09115941924017454 0.45825395490199067 0.034830741882325156 0.11677083774894789
0 0.5615484168078378 0.8400222438399142 0.0507869784896446 0.09156250662342202
0 0.5874796712720647 0.8305281927514552 0.046785271103318496 0.08595734736759475