0 0.6388815169598591 0.5202162317327602 0.03385913402808356 0.05290285754848192
0 0.6172644333872622 0.37071110957378156 0.04136160998146643 0.021802862012708868
0 0.6034648282151192 0.3556355344927037 0.04144345553496294 0.02414661201270878
0 0.6065104718618496 0.42049292126217885 0.044568455534962935 0.024201159090609537
0 0.6178423306621899 0.5214105389569306 0.03673859736759475 0.04592615462638268
0 0.6333606593406451 0.33976111850223534 0.03543899219545175 0.03106876785690744
0 0.6294866695922641 0.4747673640380084 0.03908234736759475 0.045967064934808025
0 0.3652605116023814 0.7114143814911741 0.04142609736759484 0.046007975243233724
0 0.09536470697054324 0.9198545783274887 0.02419395734906138 0.06678807954530477
0 0.6285516190519592 0.24676509496328497 0.029861114790790032 0.02784831047058134
0 0.12587560778884987 0.8321597094149211 0.04651290145127884 0.03516593262955965
0 0.466951986374638 0.7615973879839959 0.021867565516429367 0.0448858060063543
0 0.1850695585144893 0.8503699671255589 0.021287212158384784 0.07298353246740419
0 0.13414695397531834 0.9572278932622968 0.05169147477225655 0.049310253246410696
0 0.168774892002268 0.6744114391223816 0.03938244773041451 0.05456081493480802