0 0.8460318180483182 0.5833435360552441 0.03321678248413775 0.1251210973409293
0 0.5037674508952754 0.6951716179640937 0.031299618418987055 0.11487384207925722
0 0.04778778020670292 0.6093595894484214 0.027638905079475896 0.12167757892507769
0 0.2839186761308682 0.20443468394675318 0.03981152286549072 0.11303062101845249
0 0.3154762109772585 0.17040829444186203 0.03749505471665611 0.1136753631259448
0 0.7857664075265467 0.33112161242007304 0.03378970135861152 0.1415273473409293
0 0.0795090061600858 0.5800206999435302 0.024804081758498197 0.1074785710325699
0 0.2466047038056823 0.31921054451244923 0.02825646397248329 0.11703558155591365
0 0.4928101035276806 0.6493130863940625 0.024131959163159956 0.11055806840173403
0 0.5282366166048885 0.10093577055257721 0.02648563284695733 0.13330532366340592
0 0.024846298811024424 0.5105657736775233 0.01790924101432534 0.11097529735504671
0 0.2737103185116543 0.023738420792573586 0.020858137023308566 0.016808068401734037
1 0.5468874128840242 0.12151358106180347 0.018063008437520445 0.09305204998588254
1 0.7993800181409855 0.47537214135926825 0.020860626223535305 0.08385906050922624