0 0.1078125 0.2203125 0.0265625 0.06640625
0 0.4 0.653125 0.0375 0.03125
0 0.6953125 0.046875 0.03828125 0.0296875
0 0.715625 0.3734375 0.021875 0.053125
1 0.7265625 0.33984375 0.00859375 0.02109375
1 0.7140625 0.02890625 0.025 0.02109375
0 0.06796875 0.3078125 0.03671875 0.0234375
0 0.36484375 0.6359375 0.01796875 0.0609375
0 0.3875 0.58828125 0.015625 0.06328125
1 0.12109375 0.2546875 0.0078125 0.021875
1 0.425 0.64375 0.02734375 0.02421875
0 0.4171875 0.6796875 0.03828125 0.0375
1 0.3578125 0.61484375 0.0109375 0.0453125