0 0.4591391715447771 0.06971611996941783 0.023433475701307317 0.1347811137493814
0 0.22438341822512736 0.28520608039401035 0.024214725701307317 0.13482205732694624
0 0.6485743762670413 0.12387027419871785 0.0287431444174139 0.10772396879233552
0 0.9505697100850174 0.45111669041380553 0.026408484776493425 0.10916363805964088
0 0.6776987948849522 0.15985536182881743 0.028724963699254858 0.10459896879233552
0 0.8954918455254411 0.5212111844209117 0.024818713699254858 0.10439425090451113
0 0.7024710150271147 0.003377077821933619 0.022901689695149587 0.006754155643867238
0 0.7186828640685972 0.2194450457954439 0.029560755853732523 0.1140149123699004
0 0.16479129136891077 0.5196496794440707 0.031150526930971357 0.11878429952503015
0 0.5059071707592102 0.5861732796257847 0.023215307083396475 0.09728111374938138
1 0.21727542105379777 0.40670926616965913 0.019990313133520666 0.07992983943912187
0 0.4913134056338997 0.6299199575995174 0.024782352262936413 0.09814425090451113
0 0.4389766624695907 0.0965619029861046 0.01604770169720222 0.07347512155129751
0 0.9338730894753169 0.5363924491202328 0.028788596212812222 0.11553646879233562