0 0.35546875 0.65078125 0.03828125 0.02421875
0 0.41796875 0.5609375 0.02890625 0.0625
0 0.38046875 0.59453125 0.0453125 0.02734375
0 0.41328125 0.521875 0.021875 0.06484375
0 0.353125 0.6078125 0.03828125 0.053125
0 0.371875 0.496875 0.0453125 0.02265625
0 0.39453125 0.54921875 0.02265625 0.05390625
0 0.3671875 0.575 0.04609375 0.028125
0 0.30859375 0.97109375 0.0421875 0.05703125
0 0.36484375 0.55625 0.04140625 0.025
0 0.3765625 0.51328125 0.04453125 0.02578125
0 0.4171875 0.99140625 0.0171875 0.0171875