0 0.623027547983465 0.612224121351495 0.028036111178426103 0.13242671631478
0 0.8739905287060932 0.5163722845025895 0.034731780151786754 0.14347331047058134
0 0.27993016950483335 0.4039981586868677 0.024338108212676523 0.11830966923687924
0 0.2602278231551549 0.34257941761532146 0.02524669220506537 0.12144830600635448
0 0.4195431788591925 0.0525534469372501 0.03645610623551008 0.1051068938745002
1 0.6451134536109528 0.5594576314977646 0.016623767300205473 0.08226307508107791
0 0.23351535630987233 0.8957822840922571 0.02652269072219058 0.11444432954530477
0 0.27917536619570404 0.9418936250016475 0.024514521748829843 0.1034795560063543
0 0.1870728715585494 0.1781135430207109 0.03915002471457933 0.11778751785690753
0 0.3891526833078168 0.07216968587926602 0.04332818874502422 0.10536933847375848
0 0.2651592871462311 0.962465223621676 0.02226893083635879 0.06752841923687924
0 0.8329955252088709 0.1050762743563198 0.027749609695551312 0.12539546631477996
1 0.9271951472617118 0.2871563429445759 0.025680432319233403 0.07461421631477991
0 0.3776235005686537 0.786941297891975 0.02983869171077371 0.11918637662320535