1 0.45625 0.665625 0.028125 0.0359375
0 0.7625 0.43828125 0.02578125 0.0484375
1 0.77734375 0.42265625 0.015625 0.021875
0 0.69609375 0.05 0.03671875 0.02109375
1 0.72109375 0.05078125 0.01484375 0.0171875
0 0.10859375 0.25078125 0.01328125 0.0625
0 0.43125 0.63203125 0.03671875 0.021875
0 0.42109375 0.76015625 0.01171875 0.0640625
0 0.165625 0.14765625 0.0328125 0.0484375
0 0.4390625 0.703125 0.03984375 0.0265625
1 0.41796875 0.74140625 0.009375 0.04921875
0 0.440625 0.6765625 0.021875 0.046875