0 0.745880341122691 0.85625 0.024950414698122713 0.1328125
0 0.8857687642583343 0.63125 0.029201405079476217 0.1203125
0 0.06083574084468931 0.53984375 0.021706363609663624 0.10703125
0 0.033298528686304514 0.6125 0.028846741014325338 0.11015625
0 0.5646080707890889 0.4765625 0.0308631088003402 0.10078125
0 0.06353661099295688 0.70859375 0.031917177311994484 0.10859375
0 0.4392359823223508 0.95703125 0.023313503628197018 0.0859375
0 0.37850681344787684 0.9734375 0.02685516587924912 0.053125
0 0.45900533449926906 0.90546875 0.02356896397248338 0.115625
0 0.5939954704262693 0.48515625 0.04055556733052797 0.0875
1 0.7556298525554365 0.80078125 0.01899802586071573 0.07421875
1 0.4869368723408843 0.978125 0.012465283665263982 0.04375