0 0.91875 0.40234375 0.02421875 0.10625
0 0.50078125 0.0828125 0.01875 0.12421875
0 0.23359375 0.25234375 0.0203125 0.1359375
0 0.9046875 0.56171875 0.02109375 0.1
0 0.10703125 0.47734375 0.021875 0.1203125
0 0.9421875 0.521875 0.02265625 0.11171875
0 0.528125 0.121875 0.0171875 0.090625
0 0.50859375 0.18671875 0.01875 0.121875
0 0.61796875 0.125 0.03203125 0.11328125
1 0.478125 0.109375 0.01484375 0.0796875
0 0.73125 0.02265625 0.015625 0.0421875
0 0.415625 0.5734375 0.02109375 0.07734375
1 0.221875 0.3171875 0.01328125 0.078125
0 0.44765625 0.6046875 0.03671875 0.1140625