0 0.7004359706372819 0.4170782559390018 0.03632390785015538 0.0478524782923877
0 0.6844623601421731 0.3846749328986059 0.0369231473268119 0.04475021034569906
0 0.7228037943006876 0.43833949049959553 0.0384856473268119 0.0447956744523216
0 0.5589427755319003 0.8093519871343833 0.028040970990217674 0.0663296936526514
0 0.7239560415992645 0.5118679187128409 0.04469784997176518 0.030937762932123646
0 0.48649789911060165 0.9225854245188287 0.04121580517696728 0.09167067445232177
0 0.7017926152626706 0.5344248803121812 0.046768584186749604 0.02631845909205772
0 0.697089704711092 0.5611692367386718 0.03927460260260105 0.031559888558944496
0 0.7252224099868811 0.5470469007661523 0.04235409997176518 0.03086956677218975
0 0.1417160201290542 0.9686159561890639 0.04086719468185844 0.058903638558944496
0 0.25196692051022496 0.5639475250728246 0.02562162628012441 0.03818196159934022
0 0.20733331485326492 0.9800104457642226 0.01739960260260105 0.030923391066226814
0 0.17794340451344787 0.7844395329903835 0.021692260452756518 0.07784385517284953
0 0.28917484905413193 0.9878025622198432 0.03579328683170298 0.011960442399010418
0 0.6684039916133819 0.49861541244463475 0.02148015785015538 0.04742056927947225