0 0.24031622003553096 0.27603019311299526 0.027122421980838852 0.07044885538619425
0 0.6933394007227971 0.360921260057145 0.0315266389641522 0.050168171642972936
0 0.6848961369279871 0.4234894377502421 0.04407422659425162 0.021343734874689525
0 0.41947701831736567 0.056171169305281876 0.02202548620519007 0.06260908430895543
0 0.6694924649471483 0.35324511544333925 0.03292536465389251 0.04705226200205255
0 0.6898978974434368 0.4891053473911624 0.03580470318850324 0.042382942720211855
0 0.6815730630926975 0.3899047781093217 0.039011590343633176 0.04396362343837108
0 0.7161737924004826 0.48348206128680893 0.03782422659425162 0.021307373438370903
0 0.6784214868825587 0.5087093202637994 0.03074538896415202 0.05016362646343318
0 0.5132270183173657 0.055625747760504815 0.03551809814554918 0.03691419272021177
0 0.14670790366347314 0.011154141662390529 0.039468613749381376 0.022308283324781058