0 0.7096451440923263 0.15999679273916684 0.021711999050069507 0.027667976594251666
1 0.7109530709540623 0.1710161798942966 0.012790940729444422 0.013155097241038005
0 0.2737179893633329 0.5399853493887445 0.015189895326597291 0.049174484396167804
0 0.664165070669722 0.3664614767057933 0.04262391109416672 0.02096095318850333
0 0.31058155651767316 0.5692943911118586 0.01368194671336811 0.05143634724103805
0 0.44730095972805517 0.5428248236081471 0.03192280043684033 0.030543993102595125
0 0.29226862082222177 0.5159270516727368 0.018078505983923597 0.03918200870642714
0 0.13565494491041624 0.5233633361597615 0.039717116641249994 0.03017217887824373
0 0.8572273524892011 0.23812951605405813 0.03250402868534721 0.021991186680159914
0 0.15084288060586756 0.576566901288624 0.03277678561920139 0.03370993668015991
0 0.36319610382038137 0.6612229415413999 0.01382741707809032 0.05768634724103805
1 0.26261683520302037 0.5464433893028364 0.008630770801562538 0.0355656857756486
0 0.6793705369503816 0.4525184854122205 0.025381859707395905 0.0177164444820761
0 0.7360991945291666 0.13244168079880775 0.02300174211621524 0.016031113749381376
1 0.6797718868741317 0.36806159825709084 0.011228440729444423 0.013073210085908293
1 0.6939233462209371 0.46579641338595323 0.01824150693385427 0.012660452283992107