0 0.3740245619430481 0.40629955218476743 0.049555104670590745 0.030625006623422026
0 0.347371702617775 0.34787941697555747 0.03936249200349984 0.027145342558271324
0 0.29809205466263655 0.024960919285589613 0.056159640674726855 0.049921838571179225
0 0.41181491593732106 0.44715024147766147 0.028879525342135892 0.06582589664195541
0 0.40352061059836675 0.4888293099893158 0.02659031934277234 0.07043155108845908
0 0.34376489727882065 0.3893947943802192 0.041206802673454314 0.05141865626060227
0 0.35969843260663914 0.4294468755057451 0.04495851133831792 0.03827381551642937
0 0.38450752860441195 0.4449801062684514 0.02947896200668154 0.05022817849312098
0 0.361878003262276 0.5105877481010834 0.051835220003181706 0.025238102176918176
0 0.41006534333227285 0.0008829098039813104 0.02674431333545435 0.0017658196079626209
0 0.35759049260027576 0.476376439208076 0.04129770934118149 0.05923115626060227
0 0.3753410665977305 0.4944989566312712 0.03786362667090888 0.03255952885594056