0 0.9914674006331381 0.47031236753156086 0.017065198733723717 0.03546627404661713
0 0.3368384219450392 0.04610858585003143 0.01622204506457736 0.07470982332097771
0 0.32064643527287434 0.2421849776826634 0.03486674498543509 0.04492311960011337
0 0.6659435295586642 0.49836796797919847 0.02153167069139794 0.06943204627913566
0 0.6571859581676209 0.6543005094490109 0.028494724531464045 0.06733383293962447
0 0.9901737636412454 0.37343736753156087 0.019652472717509185 0.04637649219545174
0 0.711299145156355 0.5788987161651 0.02238111685133202 0.07180307813030104
1 0.7145999899043632 0.5310787750581074 0.01632133346523723 0.051299605172143006
1 0.32593802586424747 0.07464281361751283 0.013886655251991797 0.048092759618646855
0 0.7557789193712497 0.5218203369463398 0.017670884798020658 0.07085813702330857
1 0.7705317411580044 0.5181769817741966 0.015676475785105205 0.05595982332097762
1 0.9816928985215672 0.38411197270370395 0.0210171936526514 0.024928078130301047
1 0.3048168467930723 0.23569936470597197 0.020926265439406143 0.021803078130301135