0 0.8389742011079919 0.4698808050636387 0.04522758346523723 0.053074090343633175
0 0.8883567724990351 0.3172371619156152 0.0408212282923877 0.03568187245580869
0 0.2533586130239013 0.5842809040021575 0.052471782132453626 0.033952276119281775
0 0.8836609123116208 0.3435130568726611 0.05750627461060631 0.09974105042954129
0 0.7941090158351176 0.21479051334052465 0.045826977038746365 0.046865033921197966
0 0.2393439256394559 0.5047605003386842 0.04775318989172792 0.05944692107632772
0 0.21001412681395487 0.46188028154634875 0.0495657424781526 0.06812255823145748
0 0.31152280251991776 0.49216200305221774 0.029602583465237142 0.05225521879233561
0 0.08836175032920442 0.6239974219808389 0.04677571159934022 0.02585317107632772
0 0.8561245971887838 0.4426975073476308 0.055201977038746367 0.0473563568519765
0 0.590536701107992 0.4568607473980082 0.041761602665567034 0.04119156603337348
0 0.2463357232113157 0.5573908553816385 0.042883833465237144 0.05295125961093845
0 0.7933290804957362 0.42926577114244074 0.03980429757185995 0.05434998530067894
0 0.7973620479675713 0.2461633440732193 0.045826977038746365 0.046865033921197966
0 0.44048287681395487 0.4739586369279872 0.025969118104973175 0.061425500904511134
0 0.09515130793019408 0.5892506077564876 0.046176318025830956 0.03206222749876275
0 0.8839718347188784 0.0861099926483098 0.017360996239076342 0.033672315128862394