0 0.38515625 0.334375 0.03984375 0.02109375
0 0.3671875 0.4796875 0.0296875 0.0515625
0 0.39765625 0.31796875 0.03984375 0.02109375
0 0.390625 0.47890625 0.0359375 0.04453125
0 0.4 0.378125 0.0421875 0.0265625
0 0.8734375 0.7796875 0.04375 0.03046875
0 0.5421875 0.6984375 0.01796875 0.0515625
0 0.37734375 0.43671875 0.03828125 0.04609375
0 0.371875 0.30390625 0.03671875 0.0234375
0 0.91953125 0.98984375 0.04296875 0.0203125
0 0.82734375 0.634375 0.0359375 0.04140625
0 0.64609375 0.659375 0.0390625 0.04296875
0 0.878125 0.89921875 0.0484375 0.0375
0 0.9046875 0.865625 0.02265625 0.065625
0 0.37109375 0.2140625 0.028125 0.02734375
0 0.8953125 0.9578125 0.04140625 0.0296875
0 0.8171875 0.796875 0.015625 0.0640625