0 0.48708128198600065 0.11448987224392401 0.013136346674090582 0.05497844072944447
0 0.4651613759945912 0.05068129217180595 0.012373278007635945 0.05652275693385418
0 0.49562903130968294 0.18580182779100735 0.02560907467377227 0.052925631458888935
0 0.4796869526575459 0.07837053428802124 0.013890324673772447 0.052652874525034754
0 0.47793245397041045 0.22915178428802124 0.024064756007317813 0.05445176386770836
0 0.5408489826145934 0.39628603932201434 0.027189756007317812 0.05452449905006951
0 0.4987369446610456 0.05302569538218792 0.020830668006045272 0.04500402868534723
0 0.4612353026336834 0.2537699245806254 0.021575555338954187 0.04189721248093754
0 0.5122812766550006 0.09788425370281292 0.02321987133990877 0.04896483007211807
0 0.5337080972708665 0.47270306895729214 0.016270437340863354 0.055832425911805574
0 0.6420007605824585 0.6354232341355214 0.04107953333863605 0.04000805737069442
0 0.44156933465945497 0.0634170283040976 0.013118165340545218 0.053415940729444465
0 0.4775468145687773 0.7324040708571532 0.03325794267186346 0.03904496941479181