0 0.919329684259219 0.366003388587258 0.03760742935348418 0.06220386838761662
0 0.6344520295831331 0.6884952256871921 0.024485346843970034 0.06533657366340577
0 0.5860344342220378 0.7428418204678726 0.03896434091247105 0.03812162628012441
1 0.26966390117886363 0.08931791816173766 0.027326503954332716 0.020297089448421436
1 0.8957502628144003 0.3873400622930162 0.010075336958138337 0.017733531570031148
0 0.27408616844188816 0.403600226040128 0.0274193458553869 0.06083108418674961
0 0.287855485665544 0.08489572867096393 0.03561650642579064 0.03247086575678067
1 0.5779327741459257 0.7110457888978414 0.012911176882026254 0.04907453683170289
1 0.25954350737719273 0.3761276734234095 0.009325920456235436 0.0184692789391951
0 0.5699491777962472 0.7724460204819901 0.04084517589344294 0.04602513154179633
0 0.6037259530051181 0.6545983678229192 0.03831042490485981 0.04120112364928854
0 0.9364270009514021 0.44609270698899195 0.041244423916276675 0.0366956341726322
1 0.6467119490507856 0.675896515149731 0.017439509391540042 0.04544130261671846