0 0.7896616976854164 0.2843900554330765 0.029691808105551942 0.06734203610435348
0 0.7975855136488511 0.24841619399675802 0.044479900123834605 0.04946418969514967
0 0.6585015889179108 0.2999928504162246 0.04705909057054054 0.03776362041330898
0 0.18837521774440827 0.516732461165172 0.05781465405277593 0.03392100292686635
0 0.7083625018620269 0.20207298000291565 0.020353195409104786 0.0680687439498758
0 0.7579193920610638 0.31191106743512903 0.030327508891340216 0.06422158128389333
0 0.18966804404692522 0.4722057563447118 0.05209119292790545 0.028420436670087666
0 0.72456108250777 0.323820714975801 0.03483307237357547 0.06034260236113216
0 0.6542058488427082 0.1406860281093217 0.03962758023145838 0.029128963797450603
0 0.0644175252307876 0.6963113977370637 0.05225601282028158 0.048728391490547904
0 0.16506184222767964 0.5645114310127468 0.044006865177646404 0.039307939695149584
0 0.33076607899311333 0.46123137402754627 0.046168678659881834 0.035415325233769224
0 0.4223564195636539 0.4232086783804682 0.037502154052775974 0.033802828258831144
0 0.12777801199622124 0.593626759271578 0.045986742142117176 0.03150907523376904
0 0.00020160096309933926 0.6850653464092039 0.0004032019261986785 0.06267726200205245