0 0.7746910599445289 0.6418332391999472 0.03195492626600682 0.05352158942959626
0 0.12343166780880181 0.6472516847906915 0.04188366311182734 0.05002917490485981
0 0.40989572867096397 0.30663724954288946 0.019674734144397375 0.07016791996194396
0 0.4232294575536894 0.37498800152005585 0.03891058155591374 0.02574675790866543
0 0.7952512728304773 0.9279299066904333 0.04082939732681172 0.04530984140676253
1 0.13847283888372405 0.6244826882507326 0.019424834186749607 0.025732170456235437
1 0.40973610495108825 0.34404174904859786 0.022352413111827295 0.0492333374524299
1 0.8108916833820559 0.9020677436485716 0.02369510523343692 0.03214133794672165
0 0.10349162315517828 0.5591468483268448 0.03848564732681177 0.04521434091247105
0 0.43248408923665993 0.2662496714819997 0.03985843152767874 0.055402424410568155
0 0.3668884522920175 0.37113348965705767 0.018066731513561328 0.06932300296574959
1 0.35888623649288454 0.38093957117798855 0.013713160480991426 0.04810191897336073
1 0.7905358678229193 0.6596255756637939 0.01772582629424182 0.023324753460041238