0 0.11033554077813124 0.8205074218393648 0.026681226010499513 0.0774937409248139
1 0.45407261871417964 0.3473819765850701 0.025281810669954295 0.024364195745273865
0 0.3883476213796797 0.339170021666414 0.020294866008908664 0.06573862948849526
1 0.7937918360916322 0.6704275493829523 0.011991470003181704 0.023505677693097127
0 0.42571126137808885 0.3272331030485032 0.04097044533736351 0.029923849336070063
0 0.7584292374681302 0.9886235583599425 0.04312329133513622 0.013531234874689347
0 0.41554646805377027 0.3937029855620605 0.018014750676317703 0.0711937439498758
0 0.4441339973742709 0.2989990187395478 0.041088624005409004 0.04008009933607006
1 0.38240670404995225 0.3657688831027325 0.013890324673772447 0.052421018052176735
0 0.06074352609799549 0.7215704729708328 0.04089772000318166 0.023673849336070064
0 0.7785026434197688 0.6322326577942087 0.02488236867440872 0.05717215056573401
1 0.12548782610594966 0.7797915182485685 0.00802158533577262 0.018014201795398144