0 0.19839175508107193 0.5042708046318382 0.027719486209946444 0.12115823738612833
0 0.47095003134103075 0.2567137252355927 0.02914559389007838 0.11652530108845909
0 0.5268012822654675 0.885371949374877 0.027370145222861807 0.13597470553496294
0 0.24157213908766978 0.7368997661572508 0.026293378529814504 0.12579117368379739
0 0.007414031736742213 0.298836804083684 0.014828063473484426 0.11482639183263199
0 0.027688113156915294 0.362725689292894 0.02655179130365366 0.10784970553496284
0 0.0025443466450968248 0.41847718148834573 0.0050886932901936495 0.11382688702330857
0 0.26520821588898935 0.7829017469199571 0.027674022103323724 0.11959573738612832
0 0.8114804399582349 0.382182428871639 0.03723087852981451 0.12617311960011346
1 0.5517701900247418 0.8587449619887488 0.02207723997087019 0.08818204627913566
0 0.7936491161264161 0.6731348110856241 0.03299801959604132 0.1416344284931208
0 0.457844626089039 0.3047792030030741 0.030367113090408182 0.10486111479079004
0 0.26926391541413564 0.965386864705972 0.029511655251991797 0.04863839664195524
1 0.813235505081072 0.4827999877646464 0.02586982970431322 0.08441220553496276