0 0.38203125 0.3953125 0.02734375 0.0390625
0 0.36171875 0.5203125 0.025 0.04140625
0 0.3703125 0.41640625 0.03046875 0.03671875
0 0.5 0.7671875 0.02109375 0.04765625
0 0.35 0.42734375 0.03203125 0.0328125
0 0.8546875 0.8984375 0.01953125 0.05625
0 0.36796875 0.47734375 0.0375 0.021875
0 0.821875 0.81953125 0.034375 0.02578125
0 0.590625 0.7921875 0.025 0.04375
0 0.38046875 0.52890625 0.021875 0.03984375
0 0.3734375 0.4953125 0.034375 0.025
0 0.76953125 0.8390625 0.028125 0.05078125
0 0.75625 0.575 0.0359375 0.01953125
0 0.75859375 0.88828125 0.034375 0.03828125
0 0.759375 0.98984375 0.0296875 0.01953125