0 0.595890157157657 0.6068143573509276 0.019790269230422375 0.07313362311953817
0 0.6615023486378204 0.5214247751393317 0.02596749462331651 0.07175297954602886
1 0.7193362733687607 0.46902954935422647 0.015573650123834427 0.04960519490629274
0 0.9397643974377473 0.3596305026402965 0.04615156203449331 0.05283549498543509
0 0.2930992208447802 0.2231884812618885 0.03572133023145838 0.02990646034569906
1 0.2770204565767565 0.21663460438142668 0.019295809553293887 0.012264319279472158
1 0.9191244117057711 0.36725278602639133 0.028326207195929244 0.02188937186589692
1 0.6681911503332315 0.4783196328194636 0.021969199338046152 0.05291205133278361
0 0.328974716501554 0.055963877342680254 0.019863043837528238 0.07469612311953815
0 0.31436640694826 0.06809180430228438 0.02462116439185813 0.04284672954602886
0 0.7043105868509961 0.4733677083671419 0.018790695409104784 0.06842339106622682
0 0.9268405583149489 0.4528493052267212 0.04493366439185813 0.04343776293212365
0 0.6081462162966662 0.4441779650310595 0.02333264619489306 0.06543478338609479