0 0.22578125 0.14765625 0.01953125 0.13046875
0 0.09609375 0.36875 0.025 0.11875
0 0.9109375 0.459375 0.0171875 0.10546875
0 0.9359375 0.3875 0.02421875 0.1078125
0 0.4171875 0.52109375 0.02734375 0.09921875
0 0.903125 0.29375 0.02734375 0.10703125
0 0.52421875 0.04609375 0.0203125 0.09140625
0 0.584375 0.03046875 0.02421875 0.05859375
0 0.50703125 0.09921875 0.01875 0.11328125
0 0.38828125 0.5125 0.03671875 0.0859375
1 0.21796875 0.20234375 0.01640625 0.07265625
1 0.47734375 0.02578125 0.0109375 0.04921875