0 0.347169685879266 0.39005557204804325 0.01683867248329012 0.06971306333545453
0 0.28640373539279873 0.4690521813733163 0.02306139894433983 0.06822328866963616
1 0.23243325568533812 0.5168715160327713 0.013318206168510116 0.04702045066836362
0 0.025246272731466728 0.6129181706715452 0.042265366476935705 0.04970055533895419
0 0.6476552865311844 0.7686282040897231 0.03407103693163087 0.027734648671227193
1 0.6631439188364328 0.7766225174251776 0.018173301542127616 0.011927835335772663
1 0.04488661688726809 0.6068954373408633 0.02613580600635442 0.02061249200349984
1 0.2817747366106147 0.5104129780394528 0.019622753246410874 0.05021817600254543
0 0.6182972487887746 0.9284753714194505 0.017647196022240408 0.07128465400222694
0 0.6317830503309022 0.9169111627545868 0.022570475243233544 0.04009828866963616
0 0.2473315527632388 0.5139192387014531 0.016770488635914304 0.06580681333545435
0 0.034599727682160936 0.5247278273392725 0.041320475243233665 0.0403164646721816
0 0.34054971875370715 0.5454788687141796 0.020622191558013547 0.06272726666931802