0 0.6287319705349459 0.4328125 0.040897710772388504 0.046875
0 0.6054944584346975 0.3984375 0.03626020774732641 0.05546875
0 0.4075139380448297 0.85703125 0.03637838241536144 0.07578125
0 0.579985919207086 0.3515625 0.02688066256778665 0.0546875
0 0.6294036153451433 0.5859375 0.03621021077238851 0.046875
0 0.6248751966290367 0.55859375 0.04092043667008767 0.05078125
0 0.653845079142594 0.54765625 0.0307005541565303 0.03984375
0 0.645437681503726 0.515625 0.04632100897699054 0.0390625
0 0.502440618664793 0.7890625 0.04082044272021186 0.03359375
0 0.531515040307766 0.76015625 0.013699406517662282 0.071875
0 0.017358654179971365 0.76484375 0.03471730835994273 0.0359375