0 0.4059153116911178 0.561417463999549 0.03190086935861451 0.04992791802802081
0 0.3846169732113157 0.5538952515186114 0.027236101411925874 0.050600065254479173
0 0.4039854356685858 0.41459701538631977 0.030361101411925873 0.050672800436840325
0 0.3911588267348126 0.42991289086128504 0.03629285266556703 0.03988077080156245
0 0.9178041755729488 0.973918443815122 0.020704956584775402 0.052163112369755994
0 0.3969889410788621 0.5229543760436461 0.03727869114536908 0.04693020459715278
0 0.635663962324256 0.8103498457427782 0.025969118104973175 0.06071994766329851
0 0.3660906305748785 0.4269872594023962 0.027267193652651577 0.02483699905006951
0 0.39987224867985177 0.48788904502159747 0.04280126543940614 0.02207567496187508
0 0.5520618521368416 0.8349484958190281 0.03347172954602886 0.023419969414791807
0 0.8055636221951014 0.6659673321594104 0.018293010424841327 0.06522560970739591
0 0.8832042035487675 0.8926220575581258 0.04095762061225585 0.03920862357510444
0 0.8314287548815511 0.9109349932535771 0.01525893863808676 0.06827787452503457
0 0.8419092653063922 0.9759787650050701 0.04392349623907634 0.03381260875746506