0 0.1783432073096911 0.8407391503693423 0.02396634890464333 0.07200226502711474
0 0.4607151572970558 0.3440288185944697 0.036869514185764986 0.03224032825883123
0 0.8036003054229116 0.6116037006170477 0.027327029625170952 0.05327499092481371
1 0.188007712324256 0.7970527828828997 0.00828987311953817 0.016451701795397965
1 0.42769806881725375 0.33680667105379775 0.015494619358614514 0.04930056323171659
1 0.8190350888090066 0.6320025590283042 0.01678433471887857 0.03993465359079629
0 0.7712928884259304 0.9777599657423582 0.03997178213245363 0.03147725897699054
1 0.7949122448524211 0.9841463211285525 0.02706260517284953 0.0173420361043533
0 0.4601301355894435 0.3776134782353901 0.03813649749271768 0.02209316861791084
1 0.4834850675636126 0.3480668788011242 0.028897889812585474 0.026726126463433086
0 0.47527175079142286 0.30740097218526585 0.04057117570596276 0.025231804156530303
0 0.43092235721791355 0.3133918969514968 0.020636760424841326 0.06495283430895542
0 0.11969196984610342 0.731041442622016 0.029670779625171128 0.05328862646343317