0 0.5693985988211364 0.061168004050019806 0.03004428015178675 0.12233600810003961
0 0.831405144790254 0.2580129104960417 0.03082553015178675 0.14398742193911024
0 0.36910678015178683 0.128166173384804 0.03511644072219058 0.11530400642579064
0 0.062193524257468824 0.5084690746008487 0.032055107718384955 0.11673917243340189
0 0.34026153855474384 0.16925142981059463 0.034207856729801735 0.11214717292769345
0 0.12452903958050802 0.5787059787454618 0.031082856729801777 0.11201983893530461
0 0.30506950197716637 0.0034141774813000966 0.024982753954332713 0.006828354962600193
0 0.29921738589300545 0.23744035570403757 0.03615235870696818 0.12158583992388783
0 0.9063719471851623 0.5038082301539745 0.037156443193648414 0.127086423421985
0 0.5452208829644369 0.6092994737653649 0.028420771748829843 0.10411183844101313
1 0.8445338389724857 0.3881633255150697 0.024563601292594228 0.08601575444862437
0 0.5627558928502687 0.655537803803421 0.030796355246927122 0.1049885889353046
0 0.5924196047526354 0.07759187593281161 0.020370849809719614 0.07882533695813829
0 0.08466804353484073 0.599111320646516 0.03546660920125975 0.12389775642579064