0 0.5265336662802198 0.40165811859486694 0.01205054810640611 0.05716761000159085
0 0.5201695159108775 0.555628003262276 0.018264186670087668 0.050990335335772484
0 0.4841820189359396 0.5646399239338212 0.01593407220870695 0.05330681333545435
0 0.5026552838648584 0.47771208859804853 0.016724412567786652 0.0548784040022273
0 0.50003427791293 0.5253956105983668 0.01984032220870695 0.05335226666931803
0 0.5026648951047851 0.34178367926482134 0.022111349336070063 0.04087953866963616
0 0.5166228559753694 0.3595887972629123 0.015993159542724556 0.06346306333545444
0 0.5894750695764284 0.19078370591982186 0.017582930619963476 0.06816874466899989
0 0.4654729255517978 0.5578268499363666 0.016715322208706952 0.05331590400222712
0 0.5988096838414172 0.06333995858532192 0.02765736738824671 0.05422442333704529
0 0.5328740489901689 0.5203263025939124 0.01595225292686635 0.05643181333545453