0 0.9446257739099586 0.6521997272040514 0.030188034014953756 0.11049260467059074
0 0.4507256113144555 0.13379900393859373 0.02661813868554468 0.1393534013367271
0 0.7311205412953654 0.27114227323364093 0.03498462201622647 0.11992214867122711
0 0.7708081079328667 0.48549512722791394 0.025564168682362977 0.1159068106699543
0 0.9819354172501857 0.6009912158657335 0.023174965348499298 0.11197328866963616
0 0.700343255967547 0.23088089990454982 0.03187780334977201 0.1214482860041362
0 0.9737041992361863 0.704198031866688 0.030251668682362974 0.11596135467059074
0 0.19126715328613852 0.3453835833068194 0.036747116685226455 0.13712783000477255
0 0.506034893897232 0.751040500596776 0.025600531349453705 0.1190318106699543
0 0.16936269191600387 0.6166955093093647 0.03502098468331742 0.12304714867122701
0 0.7080574006604093 0.04203022195259309 0.02138519867918127 0.08406044390518617
0 0.5205973805697317 0.7079081185948669 0.032459058680771945 0.10426987667090888
1 0.42935005064450105 0.15826320194145724 0.018232926678863136 0.09004374466899989