0 0.728125 0.75859375 0.04375 0.05
0 0.4609375 0.3890625 0.0421875 0.021875
0 0.45234375 0.54453125 0.04296875 0.03671875
0 0.7046875 0.70625 0.0546875 0.0390625
0 0.67578125 0.653125 0.03828125 0.025
0 0.23125 0.45546875 0.04453125 0.02890625
0 0.3890625 0.46640625 0.04765625 0.0234375
0 0.2578125 0.39375 0.028125 0.0625
0 0.2359375 0.48984375 0.03828125 0.0265625
0 0.25859375 0.43203125 0.0375 0.03828125
0 0.684375 0.75703125 0.040625 0.03125
0 0.7953125 0.76015625 0.0453125 0.046875
0 0.709375 0.678125 0.04296875 0.02734375