0 0.1890625 0.33203125 0.02421875 0.13671875
0 0.5125 0.753125 0.02421875 0.10390625
0 0.9546875 0.746875 0.034375 0.10703125
0 0.43046875 0.165625 0.02109375 0.12578125
0 0.9515625 0.61953125 0.02578125 0.1046875
0 0.18515625 0.62265625 0.025 0.1171875
0 0.70390625 0.32890625 0.0171875 0.115625
0 0.52265625 0.69765625 0.02265625 0.0984375
0 0.9203125 0.68515625 0.02265625 0.09921875
0 0.7546875 0.53828125 0.02265625 0.1078125
0 0.68671875 0.2703125 0.01875 0.1171875
1 0.40625 0.18984375 0.01484375 0.08046875
0 0.6625 0.0515625 0.0328125 0.103125
1 0.175 0.534375 0.0140625 0.07421875