0 0.45390625 0.610230177026111 0.01875 0.05913931927947225
0 0.46953125 0.5629005359598842 0.02578125 0.05856265775927412
0 0.471875 0.5018948397999503 0.01953125 0.0630683013327836
0 0.509375 0.5593974512410059 0.02109375 0.06311376543940614
0 0.43359375 0.6006649604122061 0.0203125 0.06074728338609496
0 0.49453125 0.5996731102539214 0.0203125 0.051372283386094966
0 0.5015625 0.41821852177411933 0.01171875 0.0604972307996702
0 0.475 0.35649141158670494 0.0140625 0.0519716769596041
0 0.4921875 0.37005380641385544 0.0125 0.07145746285298146
0 0.57109375 0.18338286902941006 0.01484375 0.07855690901291545
0 0.59609375 0.025086279048230797 0.02265625 0.050172558096461595