0 0.5071677846375922 0.5481010467340275 0.01381976087441501 0.05183525693385427
0 0.5856841265014653 0.19124967505878426 0.022141596843970036 0.06451709488975696
0 0.5379018369953193 0.4003714083412843 0.014760178364900867 0.05575969072944442
0 0.5245914120904596 0.36158166527513846 0.017980678859192523 0.05817617591180557
0 0.48819495015091174 0.5430687078281939 0.01381976087441501 0.05183525693385427
0 0.5095420736494465 0.3376902235957635 0.02050084239534584 0.04340516109416672
0 0.542755116158523 0.5386708421368744 0.013787927376317732 0.05105400693385427
0 0.5235793518240669 0.4710839518442704 0.015509594866803766 0.05499662452503475
0 0.5812911037640524 0.08343717505878424 0.02432617935348418 0.060665396276527804
0 0.5531050257403436 0.5048043352030204 0.013978928364900866 0.05574150693385427
0 0.5214239442194127 0.5141436208222218 0.01460101087441501 0.05185344072944442