0 0.36753319439950977 0.34863277435302453 0.042172089448421435 0.02727161201270878
0 0.4411442706231643 0.4443213754086847 0.03516322625188941 0.06773297077900686
0 0.3984261496047118 0.4090929874213936 0.05094784997176518 0.03054661647693564
0 0.4380871600574684 0.4858230827950109 0.027487234144397375 0.06994035308425506
0 0.3686553496188293 0.3947537978919749 0.04394669205102257 0.057740362012708865
0 0.3951485021367257 0.5139441286550956 0.049848081555913734 0.025064229707460584
0 0.41687231271653913 0.4572577520318902 0.027540442051022396 0.05745398985373029
0 0.3855467180064459 0.4296509492719466 0.05094784997176509 0.03054661647693564
0 0.29810357103257 0.01850518445710767 0.04772413943430394 0.03701036891421534
0 0.3843860364081799 0.4500043595803721 0.04612384207925731 0.02812104586008459
0 0.3995706916274995 0.4958799212687694 0.049294344710093266 0.02895684293798535