0 0.030320815139374402 0.60703125 0.03294739474715101 0.1203125
0 0.9418790533525501 0.56015625 0.03558224317557439 0.1265625
0 0.06923561187238676 0.64375 0.031166570925833435 0.115625
0 0.8246167404894873 0.31015625 0.028788587675056477 0.1484375
0 0.05156873056468986 0.46953125 0.034691831264915665 0.12421875
0 0.5429794044670606 0.1171875 0.027607077335974138 0.13984375
0 0.5018064408609908 0.1625 0.02208051530148083 0.08828125
0 0.5232597557909683 0.221875 0.024009042389786118 0.1296875
0 0.3939575535574379 0.16328125 0.03592684553293921 0.1171875
0 0.286752983250777 0.0328125 0.02180653349844599 0.065625
1 0.5684502853604728 0.140625 0.018955515301481006 0.08828125
1 0.8325148236164299 0.3921875 0.01977315260503403 0.0890625
0 0.591508718158693 0.66875 0.04346751778268043 0.128125
0 0.5642206261404104 0.65078125 0.030710652605034028 0.0890625