0 0.7420630715266802 0.5298571626219323 0.049013623649288365 0.0386287598858317
0 0.7119814584007355 0.5623049066904331 0.047413326294241644 0.0245344263877346
0 0.7275895898013574 0.3749959076790163 0.04501636838761662 0.03690709239534575
0 0.741494653153181 0.5799526631162237 0.04492536312594488 0.03534459239534584
0 0.7435107214137406 0.41088432813525183 0.044842063140062116 0.02053267589344294
0 0.2289036478915091 0.5606323883644634 0.037856315770898166 0.021027424410568152
0 0.7225156819512017 0.4217754071847247 0.03190942363517095 0.05274033942959626
0 0.7661970634929981 0.38440008258387615 0.04254381577089816 0.021218425399151374
0 0.3949011032378856 0.6551039244477492 0.04198237364928854 0.03834225840295709
0 0.09841469815974038 0.8380159476422728 0.04239960260260105 0.03212409190105418
0 0.0794070929263034 0.8685656106841346 0.04699609734092922 0.030752592889637498
0 0.1924817585277923 0.6750477154367699 0.04400760523343701 0.03296900889724856
0 0.5318627769436437 0.6833947036109529 0.02459745257436623 0.06101575444862437
0 0.1336843402248803 0.7971654545623551 0.05076583944842143 0.028568010380123354
0 0.1400022296591843 0.7559183720528411 0.0352164341585147 0.055992673421985016