0 0.3029711439954171 0.49517964803165126 0.013300740216354256 0.06803692769309713
0 0.05748137851218811 0.7239824006639299 0.04407796153100698 0.04790623487468952
1 0.08039154844007004 0.7011897952777357 0.0067045948897569655 0.019567611436318445
0 0.71932741508132 0.7256013835937118 0.034666593939826386 0.046289192720211855
1 0.3425057694703823 0.48166659387512106 0.008667138392743112 0.036764201795398146
1 0.7364642829568411 0.9247474107210749 0.012591572188333445 0.03756817769309713
0 0.7224388037584035 0.9599900191323313 0.022603005033993106 0.06496646984757497
0 0.3444124551658337 0.4293046631569618 0.0148814240119445 0.06882726805217665
1 0.7408393923798965 0.743447413746137 0.009684124525034754 0.013335792154477666
1 0.29141604815572963 0.5022790757247485 0.009048998100139016 0.05317045179539796
0 0.04659647026781302 0.6255948976388679 0.03862739532659726 0.04865566861791084
0 0.37555465881305594 0.4916319463344491 0.02647288744281253 0.06342669574527378
0 0.3834372811538892 0.36031831382089174 0.040262630508958355 0.05178975897699036