0 0.12578125 0.28046875 0.025 0.05625
1 0.76015625 0.053125 0.01640625 0.01796875
0 0.18046875 0.17265625 0.02734375 0.0625
0 0.459375 0.6609375 0.034375 0.03046875
1 0.18984375 0.21171875 0.00703125 0.015625
1 0.48515625 0.6546875 0.01640625 0.01640625
1 0.42890625 0.6765625 0.0109375 0.04765625
0 0.7796875 0.40859375 0.02578125 0.04921875
1 0.79375 0.390625 0.015625 0.03359375
0 0.734375 0.0515625 0.03671875 0.025
0 0.47265625 0.6921875 0.03828125 0.0234375
0 0.43359375 0.696875 0.0171875 0.0625
0 0.4578125 0.6265625 0.03671875 0.02109375