0 0.6248111859827166 0.5083054629136878 0.0424193041565303 0.04008918969514959
0 0.29271734523085347 0.7641771712501895 0.033171569183644854 0.061909647540672096
0 0.827804375776062 0.48683095959403816 0.04244203005422946 0.04399543969514959
0 0.7096901800307882 0.461144637483527 0.054910213797450605 0.03859941256778665
0 0.8306839360809125 0.44466164031219735 0.04948237041330898 0.04559884631100797
0 0.7970674601832133 0.4405599475919856 0.023015319183645033 0.06185056020665449
0 0.18421904400118944 0.7799516412941561 0.05106305113146812 0.04873293667008767
0 0.38980999296791713 0.6678703186926656 0.036900557181592394 0.031463623438370905
0 0.22663782727687254 0.6856703761688456 0.03843578610435348 0.02678521379745078
0 0.6254055627407372 0.34190830327276744 0.04706135236113216 0.03230396077238851
0 0.7648134963857627 0.40209234523085347 0.047188617388246715 0.054178960772388506
0 0.040846814783840696 0.9783295330792914 0.02826590056573407 0.024382376463433175
0 0.21939347471934867 0.7832811743734475 0.055864180619963386 0.06829145774732659