0 0.32734375 0.46015625 0.03046875 0.0421875
0 0.33984375 0.43125 0.03125 0.03984375
0 0.30859375 0.48046875 0.0328125 0.03984375
0 0.47578125 0.8109375 0.021875 0.059375
0 0.3109375 0.546875 0.0390625 0.02734375
0 0.546875 0.91171875 0.03203125 0.08203125
0 0.33203125 0.56640625 0.040625 0.02265625
0 0.3375 0.590625 0.03359375 0.028125
0 0.31171875 0.578125 0.03671875 0.0265625
0 0.8609375 0.94609375 0.03359375 0.05625
0 0.740625 0.58125 0.02109375 0.03359375
0 0.803125 0.9703125 0.0140625 0.05625
0 0.81875 0.778125 0.015625 0.0703125
0 0.728125 0.9796875 0.03125 0.040625
0 0.3609375 0.5328125 0.01640625 0.0421875