0 0.42642297489677095 0.6188558039465479 0.031280977498762755 0.045648854670590745
0 0.41644046528583256 0.5775404606142752 0.03897064676606821 0.04339601133831792
0 0.4058238698538169 0.6136234112826386 0.029882251809022264 0.04875567333704538
0 0.5812553963117829 0.8883132339274578 0.03465828301668683 0.020703398671226836
0 0.42072517356271855 0.5399677352800933 0.04329297659425162 0.021584646005727137
0 0.4217277515818797 0.469600691279457 0.03313008254171699 0.05113578600413611
0 0.6630476288989284 0.8529655325827765 0.02967421189493056 0.059684082670272434
0 0.9134813981208053 0.9329144725493691 0.0429211623699004 0.029388055338954187
0 0.41082787313317726 0.48536205128104787 0.036998710990419424 0.035565330004772557
0 0.8622431247150569 0.9546172972231414 0.014622421980838851 0.07043976933481808
0 0.38784407451265823 0.47937568061745683 0.03268302521477064 0.02770737667090888
0 0.8329363257558537 0.7235672918921413 0.019558905472495523 0.0603471540022273