0 0.020678863383179525 0.3668056402926042 0.03324885200509068 0.03826371941479163
0 0.6441607220321348 0.22178985382038138 0.03098691800604527 0.04524041802802081
0 0.021024856062997102 0.4636988240881944 0.03088692067154523 0.036646668028020815
0 0.6231289646721816 0.02956797238412301 0.017169866008908664 0.05913594476824602
0 0.3346970047342242 0.49000087205649284 0.017133503341817756 0.0628818597073959
0 0.2995867554105419 0.5619310766536456 0.017978388009226798 0.06836879350298623
1 0.24425381806967864 0.5077351923449651 0.011537484006999676 0.05181707313826393
1 0.6359653193427723 0.05474782418510364 0.011419305338954189 0.04166082313826389
0 0.2583526807367695 0.51053288402434 0.015625547342454117 0.06753299211621525
1 0.03496863005249758 0.38600958197197915 0.015870448002863503 0.02145742591180557
0 0.35191287141945055 0.6263559461446873 0.031123278007635945 0.05695916802802081
1 0.2975333594048149 0.5197799442448261 0.012282371339908772 0.048710256933854265
1 0.659649362030544 0.20970742790857583 0.01587044800286357 0.02145742591180557