0 0.3326997195853051 0.5942012492839114 0.032597816033373486 0.040979536004136105
0 0.8324329624607575 0.13163378321932342 0.034941566033373304 0.04100680800445433
0 0.7807000440979632 0.10568944855986855 0.0309501068519765 0.05423351400381802
0 0.31986552691225134 0.5709273812858203 0.034859678878243816 0.03944430800445424
0 0.29720595488598395 0.5563563512890021 0.03407842887824382 0.03943521733768165
0 0.3290977640219525 0.48415408728518405 0.03872830732694634 0.023873852005090512
0 0.7618903318643484 0.3901099018937321 0.03424220318850324 0.04256021733768165
0 0.7600876509499397 0.05205591856305022 0.04283263116223601 0.05749487400540885
0 0.8746414738807182 0.04135368121423275 0.02650826831736559 0.05886647000318168
0 0.31795886816039554 0.5030222659532294 0.04173047659425162 0.021566464672181596
0 0.47755403267800245 0.19900583326704852 0.023836969696846566 0.052589198002863526
0 0.5791475101767654 0.15253881858691276 0.03971095318850324 0.04262385200509069
0 0.33698550712454756 0.45283136195100226 0.03136618668015991 0.032376695337363516
0 0.31684010346107444 0.4647773786203203 0.03144807383528967 0.03393919533736352