0 0.8162255313494537 0.16145415140016559 0.023538592019408354 0.1441151701718165
0 0.9612311380489977 0.411093382516973 0.028852800684271783 0.13112052521477063
0 0.07253281206236077 0.46289614767057935 0.02087666868236293 0.11664858943912186
0 0.04506124538508853 0.3833790660333735 0.027935190682681077 0.11936083163720576
0 0.6123771094048148 0.5583347161903438 0.03095110268140857 0.11014960594746519
0 0.07901752737108916 0.28209652702379295 0.03183235001590836 0.11878429952503015
0 0.49018010467059075 0.05457787313317721 0.02254770934118149 0.05895892017181652
0 0.4243460193348181 0.03316986261772763 0.02681703866963616 0.02326708163720579
0 0.5093573660089087 0.09227926899473424 0.02253916601686292 0.12532422659425163
0 0.6435271120703149 0.5513787092929388 0.04093463001272681 0.0958381224558087
1 0.8263005126909533 0.22210172433094408 0.018895998010818003 0.0806292022839921
1 0.5414789753341818 0.034623899252459026 0.011864200668363623 0.013114153663473137