0 0.36796875 0.55 0.02734375 0.04609375
0 0.38046875 0.41953125 0.03671875 0.021875
0 0.3875 0.55390625 0.03125 0.04453125
0 0.378125 0.5140625 0.03515625 0.04140625
0 0.390625 0.47109375 0.0421875 0.02109375
0 0.3921875 0.40390625 0.034375 0.03359375
0 0.84453125 0.85859375 0.03984375 0.03359375
0 0.8765625 0.94453125 0.0234375 0.06875
0 0.6140625 0.759375 0.03359375 0.04609375
0 0.3625 0.40078125 0.0296875 0.0296875
0 0.528125 0.80234375 0.03046875 0.03046875
0 0.8234375 0.96328125 0.04140625 0.0421875
0 0.7875 0.8796875 0.01953125 0.05546875
0 0.7828125 0.6875 0.02265625 0.07109375