0 0.98125 0.005012669403477741 0.0375 0.010025338806955482
0 0.6854407973822251 0.3561928534412867 0.04414998933799978 0.034629530054229286
0 0.3470521014083148 0.5503620517206433 0.04123407467377245 0.052580099336070066
0 0.9464397426798176 0.09137533275683128 0.05586873933799978 0.03469770774732643
0 0.3775935767424965 0.5564347897185907 0.04573067067154533 0.03620112041330899
0 0.3546833354153144 0.601883645104785 0.045113052673454224 0.050259075233769226
0 0.3907673807685862 0.7485586572050335 0.04484033267027261 0.026821575233769046
0 0.39172080609481386 0.6962058168459538 0.04194259933959064 0.04633464451560983
0 0.9730926020050907 0.03184125147293797 0.049509651336727245 0.025286346311007957
0 0.37168102609799547 0.7197614915139889 0.04487669533736351 0.029946575233769045
0 0.9083323100334075 0.24082588691336154 0.04957328600413611 0.03075509631100797
0 0.352558856102768 0.7550313710024842 0.04248749200349984 0.026026689695149586
0 0.5432714787157705 0.3585825761175319 0.022520437340863352 0.05559601502711464
0 0.8488209500318167 0.22945257055838703 0.015625547342454027 0.06727385841125635
0 0.9492834793523173 0.13433044721821186 0.032894863343408784 0.07440510236113215
0 0.8811169240531338 0.38630655855633445 0.04242385733609098 0.020557939695149675
0 0.35761962078290377 0.854227395104785 0.033130673337045294 0.027534647540672096