0 0.32726850689740494 0.025508920050953437 0.04107205732694626 0.024132975243233667
0 0.8791818097017956 0.11344215341515725 0.037449090343633175 0.04436365462638268
0 0.22871930574506658 0.4463765734595201 0.032348832541716985 0.051299447240056396
0 0.5428759017429092 0.677395153818899 0.03037689676606803 0.04345967370110611
1 0.5746404788575592 0.7712854756535661 0.012817582541716988 0.05095852800317715
1 0.5587498852345658 0.6872650316599204 0.01902663896415202 0.050286372158978666
1 0.30000664405253474 0.024423706982584385 0.017184177973732596 0.015130122158978571
1 0.8582994216421547 0.1395643226520365 0.009699226594251797 0.021243754464226862
0 0.5665037522633075 0.7925019565788426 0.016433905472495524 0.06038807508107791
1 0.21271916949444797 0.4240203323879738 0.009085072930778537 0.00952500446422686
0 0.5721849434660232 0.6394178668872681 0.037865170171816585 0.022515928165332967
0 0.9314669267305373 0.21790178247399467 0.021984542627625104 0.0620460324674041
0 0.5627037228646654 0.7160758242735943 0.04041363805964089 0.02646308847375849