0 0.7585884907304061 0.44761755060786773 0.047393168006045275 0.04589517319868044
0 0.08815091076540456 0.7250250805622432 0.0512181493475448 0.10614235141192588
0 0.15334810208463248 0.6191866060307794 0.03899032200827235 0.06205137061225567
0 0.12935661875395055 0.6394225496834309 0.04988236867440872 0.058463369358614514
0 0.20540149809035949 0.6598737905122308 0.03894486867440872 0.05814512061225567
0 0.707199260741542 0.5311718481797275 0.04036191800604527 0.045690584718878394
0 0.20947302211963087 0.8754533264056082 0.04653010200509069 0.03884119114536908
0 0.7576350654041786 0.5000067647144905 0.05739487667090888 0.032909439891727746
0 0.1923577001113585 0.8149931995251464 0.04411362667090888 0.032522994985435004
0 0.8000669187221338 0.3854525197290553 0.05128123667249973 0.044446333465237145
0 0.4344617420830416 0.5992843168386968 0.040952264003817976 0.02930706677218975
0 0.828519730068406 0.4799693978631584 0.03530224801081765 0.08068771034569906
0 0.9514021520528158 0.36151125138665524 0.0512908746817267 0.11239235141192579