0 0.2766943590418058 0.235893040992116 0.044913762917777864 0.050763659090609536
0 0.554081661947188 0.6022957422926576 0.04347789627652787 0.0226250223211343
0 0.5590386528291323 0.44589573782843067 0.043823388392743114 0.037468772321134304
0 0.3013501733463544 0.2878276879078609 0.05559668977951393 0.04001707386326192
0 0.33149292144649334 0.3404481274372796 0.038881315254479173 0.026449451704283346
0 0.7837860393220144 0.5318530085280072 0.04522223423243048 0.030464795860084593
0 0.6241564661837504 0.5236974095009419 0.048983013867708355 0.024282979707460583
0 0.7578788091736464 0.5940490454596381 0.02957970364722229 0.06299092370110611
0 0.777517202316042 0.4975734659143335 0.03889949905006951 0.027230701704283433
0 0.7562065531897227 0.5557814322291132 0.0383910059839236 0.03893581493480802
0 0.32048072663298627 0.23669188190150647 0.041370535619201475 0.03274036201270878
0 0.20945230765503492 0.2347220531669806 0.04720296153100696 0.04846081939903506
0 0.29809853998760444 0.31602087175523674 0.04360518284565975 0.028093772321134303