0 0.19172364229596814 0.5103420072181946 0.04923859736759484 0.04642171153100705
0 0.8677131903043843 0.7887891959508688 0.05449158175849824 0.1074319467133682
0 0.8042087402117172 0.6817566395301048 0.04124504809323426 0.06340918977951375
0 0.828499412081416 0.7026510209889938 0.05204613883740698 0.059757512917777686
0 0.7503644883976186 0.7235070752255562 0.0410813569862416 0.05872168977951393
0 0.24192948422126737 0.5951722553183336 0.04220734736759475 0.04625805737069442
0 0.7411357882201333 0.9430019576343757 0.04821181070710594 0.03937227773541672
0 0.19143097641671902 0.5635033748093752 0.05890377404661713 0.03259560087368065
0 0.7597245863133676 0.8808838173417716 0.04564980589778252 0.03306772634864572
0 0.15169140853803692 0.4476413322563196 0.053090283665263985 0.04495013050895835
0 0.5187077498303639 0.662601370344063 0.042388396641955414 0.029088741166284748
0 0.11940220899352387 0.5438435318194793 0.037966280670039064 0.08128702080156244
0 0.013092733124959014 0.42545459488975695 0.026185466249918028 0.11340918977951393