0 0.4003916621427578 0.44592291052548577 0.030622558231457476 0.04831086664124999
0 0.42079709463904624 0.581551286000451 0.039468613749381376 0.023547255983923775
0 0.4212806942549334 0.4415256980445482 0.03448786465389251 0.04762053561920147
0 0.41329445386587177 0.48316833738722187 0.03818939676606803 0.04380520459715278
0 0.4289094877870697 0.5273904628621872 0.04489642017181659 0.022893292553055566
0 0.4333347161903437 0.5969035290665969 0.036998710990419424 0.03597452080156245
0 0.8781769889187234 0.11488131791683956 0.04320776741285428 0.03533874116628475
0 0.9070622274987628 0.030042194269053447 0.027944615558403642 0.060084388538106895
0 0.6445190411572872 0.22357055936746476 0.037653808231457475 0.04847452080156254
0 0.40302974050060325 0.6007376970946178 0.03210649310259513 0.03195916802802081
0 0.5530818136585243 0.1803310120647565 0.032887743102595124 0.031977351823611146
0 0.8505698880596408 0.01419525928605 0.045261590343633175 0.0283905185721
0 0.8176146251693421 0.0936070363817007 0.023301381162236012 0.05750402868534723
0 0.8234086810259503 0.2937161391552424 0.028108389868663153 0.0747824476632987