0 0.24767642614003335 0.5314510028426691 0.02545574188232518 0.11603410308425506
0 0.4991496026838086 0.7558980292242885 0.02693642126547413 0.11137387662320553
0 0.5808391225660157 0.147625833202048 0.024919953732878142 0.13008296631477992
0 0.29926006574888236 0.3056191599046837 0.023975062499176227 0.12069432954530476
0 0.04408995576806368 0.7404107658283126 0.03084267126547413 0.11144206047058133
0 0.07645817086502762 0.6758027950493058 0.024456303570722437 0.10352046631477982
0 0.04220194765038884 0.6248539496756884 0.02845801095704863 0.10905740016215582
0 0.3242833851479173 0.25910267005095344 0.025428468343374887 0.11447160308425505
0 0.8319229667251122 0.6180984257362916 0.0349125624991764 0.12088524431795715
1 0.6038402459428103 0.1722167301177929 0.020222771103318316 0.0847022824674041
0 0.8281975434277481 0.3393421802005185 0.0304841611192046 0.1356471737011061
0 0.4882354220828436 0.7100088307664161 0.028308006492821745 0.10046365016215582
0 0.3365181525977878 0.05342377952627102 0.02930744480442442 0.10684755905254203
1 0.8390826761400334 0.5211279683499654 0.0240608372559425 0.08086421631477983