0 0.28384445727245733 0.4332883763009959 0.05040908000477255 0.03777663896415202
0 0.17813934993636654 0.4591282592722541 0.03808180267345422 0.05196529172311415
0 0.36542117393382123 0.4680518006566839 0.041143168006045186 0.04666031603337366
0 0.174742177275639 0.4155829771600786 0.045767033338636146 0.04143722749876275
0 0.9659258725334606 0.9300295844663402 0.045748852005090865 0.03987472749876275
0 0.7904917098981865 0.708114720151132 0.048982940006363405 0.049413501809022264
0 0.2075001332750027 0.41855084690235367 0.021021572008272392 0.06200203301668665
0 0.018713089990454984 0.0692889105608781 0.03380283533577262 0.01972932383528967
0 0.7661456905633683 0.720321471055643 0.05929373134149962 0.06322701831736559
0 0.934276430537915 0.8988957711465002 0.04513123400699968 0.05389628392119796
0 0.7471780619032772 0.672907560494765 0.05037271733768165 0.0346516389641522
0 0.24399216394813877 0.36901119233436946 0.040416462006681544 0.05130687245580869
0 0.36495919195577475 0.30645588138937857 0.04900112133990877 0.050976001809022356
0 0.689238292568459 0.6868748852345657 0.03499316534054522 0.054926517412854634
0 0.7555723645767314 0.6224981247191163 0.03706419533736351 0.03161184814554918
0 0.5916734965786404 0.6170337760077402 0.03311249200349984 0.0275008802577247