0 0.4567717852482767 0.6319623560629971 0.01701532467377227 0.05253465400222712
0 0.5107143979153675 0.6294646120703149 0.02014032467377245 0.05257101666931803
0 0.47464962858054943 0.6399839413987698 0.01703350600731781 0.054097154002227296
0 0.5196183252705483 0.46860892807126947 0.011582937340863353 0.05559601933481808
0 0.49296437126036696 0.5433089360677696 0.01787839067472685 0.05957499466899989
0 0.4892030245862764 0.5979600734006787 0.02250225600731781 0.05416078866963616
0 0.5251768872533673 0.595253244072224 0.020203959341181486 0.058039766669318024
0 0.49611773794559344 0.406608367401315 0.018496008672817865 0.04552158533577248
0 0.5846364399665924 0.25292993141308723 0.018096566677272108 0.07832499466899989
0 0.6043596886537279 0.10235776674885985 0.027362478675999568 0.06905908267027257
0 0.5099893339433662 0.42317824940322407 0.0140266846753633 0.06421704133513621