0 0.3828125 0.534375 0.02890625 0.046875
0 0.36328125 0.52734375 0.02421875 0.04765625
0 0.38515625 0.39375 0.02734375 0.04765625
0 0.3734375 0.409375 0.03359375 0.03671875
0 0.86015625 0.9234375 0.01796875 0.0640625
0 0.37578125 0.49765625 0.034375 0.04453125
0 0.5953125 0.76640625 0.02265625 0.05703125
0 0.34921875 0.40703125 0.02578125 0.0234375
0 0.37890625 0.4640625 0.03984375 0.0203125
0 0.51484375 0.79140625 0.03125 0.021875
0 0.76171875 0.62578125 0.015625 0.06171875
0 0.8296875 0.8390625 0.03828125 0.0359375
0 0.7796875 0.85859375 0.0125 0.06484375
0 0.78828125 0.9203125 0.040625 0.03125