0 0.12333116607254446 0.26484375 0.028312868104973264 0.06015625
1 0.7920654795460289 0.02265625 0.018514319279472245 0.01875
0 0.17856057218246604 0.14921875 0.03164245658477531 0.0671875
0 0.49059785174113024 0.6703125 0.03767349623907634 0.0328125
1 0.18994435306127844 0.19140625 0.00828987311953817 0.01640625
1 0.5177370132613281 0.66328125 0.01846885517284953 0.0171875
1 0.4590439748606684 0.68671875 0.013196333465237232 0.05078125
0 0.8249655254020289 0.4015625 0.02967077962517095 0.053125
1 0.8384597240692455 0.38203125 0.017451924452321778 0.0359375
0 0.7646535333860948 0.0203125 0.03985812186589684 0.02734375
0 0.5056150979802065 0.703125 0.04135242570596294 0.025
0 0.4643679723533859 0.70859375 0.019900974531464045 0.06640625
0 0.48794421318218584 0.6328125 0.03972172954602886 0.02265625