0 0.7191855657422919 0.6680370188047922 0.04921479586008459 0.04565864532659738
0 0.5193843887947749 0.5852933347248616 0.039648881087432385 0.034502939779513755
0 0.7224135259679917 0.897706335009202 0.044459112012708954 0.041643292553055745
0 0.7640071420411856 0.6409666789490285 0.050613654626382676 0.036320012917777686
0 0.17145758319545745 0.38274303086954875 0.053943206168510206 0.04811149810013902
0 0.21717127799988192 0.49626132342260443 0.03305400771063773 0.05933928561920147
0 0.7241572581110842 0.8633858863959727 0.04375968262955983 0.046312608757465054
0 0.7795327305149441 0.6803746710652436 0.055260244317957154 0.0340853656913195
0 0.1279900012145207 0.44264405452090283 0.04053527110331836 0.08528418977951394
0 0.011913213472110856 0.2798511541603125 0.01451251339268061 0.026108558320624996
0 0.1411524744291595 0.3914088628415279 0.04477275771063773 0.059612042553055564
0 0.344924131084137 0.5226627821038197 0.020045493100141164 0.07465516109416673
0 0.12139117369781083 0.5119934665650001 0.04866537094116259 0.058921711531007046
0 0.013280844559543165 0.3134630879559028 0.015457404626382653 0.03550174211621533
0 0.8086589431762761 0.8278679201153132 0.038813084009531804 0.03135975598392378
0 0.786828807624617 0.7851894576343756 0.027707988635914303 0.06624324905006951