0 0.501801433173657 0.5859375 0.019149469696846565 0.05234375
0 0.5145161171402834 0.5453125 0.0231376068519765 0.05390625
0 0.48190169097557306 0.57890625 0.02141133254171699 0.05078125
0 0.5150207281761313 0.4953125 0.020094494007106077 0.05546875
0 0.5379469730877486 0.575 0.019889776119281777 0.0515625
0 0.5078556021022781 0.35859375 0.02330470318850324 0.0421875
0 0.5352270075747735 0.41875 0.014748574739800801 0.0578125
0 0.5920071155584037 0.07109375 0.02967421189493056 0.059375
0 0.522119497963835 0.37734375 0.017419873360319825 0.0640625
0 0.586631298054692 0.20703125 0.01852867198083885 0.0703125
0 0.5487682864075888 0.54296875 0.0207938568519765 0.05390625