0 0.50546875 0.1078125 0.01171875 0.0515625
0 0.484375 0.046875 0.0109375 0.053125
0 0.5140625 0.175 0.0234375 0.04921875
0 0.49765625 0.0734375 0.0125 0.04921875
0 0.49765625 0.21640625 0.021875 0.0515625
0 0.559375 0.3734375 0.025 0.0515625
0 0.515625 0.04921875 0.01953125 0.0421875
0 0.4828125 0.23984375 0.01953125 0.0390625
0 0.5296875 0.09140625 0.021875 0.0453125
0 0.55390625 0.44609375 0.01484375 0.05234375
0 0.6578125 0.5984375 0.03828125 0.03671875
0 0.46171875 0.06015625 0.01171875 0.05
0 0.503125 0.69375 0.03125 0.03671875