0 0.5261199681476203 0.2963911736978108 0.01945492626600682 0.052630122158978575
0 0.4104766415004425 0.6424558758091312 0.030400131541796327 0.03955342370110611
0 0.42507746779468436 0.665343950890209 0.029709886803468068 0.04110228693163087
0 0.399577667879389 0.5759268948838547 0.03863756577089816 0.020185814934808022
0 0.7751427551204976 0.16337767085514177 0.03981292889684287 0.05376592816533297
0 0.4126391100009987 0.5589848567344078 0.036202810509226246 0.018582404626382498
0 0.8097221524473094 0.20768677840362373 0.024096923635170953 0.05193069277582962
0 0.3870013441453959 0.6279979094943513 0.02952787628012441 0.03797728693163087
0 0.8933999314570915 0.14358909658484276 0.02896643415851443 0.05513751339268058
0 0.7673618052475544 0.029783920855141754 0.030771857864272965 0.032535810470581294
0 0.6131047576807462 0.23547303895693056 0.04042757892507769 0.024119338473758488
0 0.8624677208490432 0.22889930518898494 0.03724937101845285 0.03655115462638268
0 0.3976210547534442 0.5423331448838546 0.0320613420792573 0.027875584009531627
0 0.8133645499858826 0.029025990254176792 0.03922909997176518 0.030342064934808156
0 0.8332407653614926 0.46408678286785054 0.030255918373499214 0.05047728693163087
0 0.4196402679217413 0.5317911111986346 0.03413207629424182 0.023228994317957153