0 0.1115278432760616 0.48176457711465004 0.0269568588003402 0.10200955732694635
0 0.10947181387196687 0.6470177628902988 0.027956363609663627 0.10830050090451113
0 0.8030184611468945 0.761727721055643 0.02414188284695733 0.13305483943912186
0 0.07660969545297983 0.5352514252601992 0.025639895460829055 0.10895892017181659
0 0.9233408517135822 0.5315754743350034 0.025967277674813972 0.11833392017181658
0 0.5373537995288146 0.9314038924706551 0.024040189925866075 0.0854804765942518
1 0.5540775080590024 0.9172218837642276 0.014365089563046496 0.0763954036634729
0 0.42936768473802467 0.909669412597043 0.038975709163159955 0.11121746099041943
0 0.5245685681331361 0.8342389654014337 0.024350213972483204 0.11668953301668665
0 0.6166320055271136 0.42242063885261044 0.03962054990733286 0.10735215456798422
0 0.5073289936310321 0.9008875548405555 0.030190986205001914 0.10529833163720567
0 0.5882614688666248 0.416863357644946 0.03182540807470069 0.0851086623699004