0 0.5914509061241997 0.7348595364722227 0.012084777088305288 0.04164263934267361
0 0.297182867663355 0.8734803996950002 0.026545383374611476 0.017006315254479175
1 0.6805989892511423 0.819054658147466 0.008940506410140792 0.02440058795590261
0 0.6397385488044363 0.8063721669811812 0.014955065963434678 0.036246624525034576
0 0.6725317781262717 0.8243415701915631 0.015517992142117087 0.03157730832062526
0 0.7631225448754947 0.7936020228888548 0.022731178659881834 0.03564721248093754
0 0.6643361344125781 0.8491779160312506 0.017497869106587773 0.023819359707395904
0 0.30960578495069724 0.9425940756068059 0.028707196856846907 0.013154616641250172
0 0.7764744154298246 0.8259787650050701 0.033377580231458384 0.02965178561920112
0 0.4929170527333776 0.8185967972057991 0.027690506410140793 0.02483699905006951
1 0.2931267603435914 0.94377471589941 0.00668664764263518 0.0095204703647223