0 0.3013114422228278 0.8870510443802193 0.03996325870642732 0.018551592558271324
1 0.28465953075743855 0.892311463254693 0.033054839439121866 0.02064980589778287
0 0.2815488981248645 0.7731075954686782 0.03675637155129756 0.01687996515360961
1 0.2690455760985972 0.7587276369384905 0.02240394448207601 0.02573660998146643
0 0.6450503126424716 0.4586234217000628 0.02153084124814413 0.06859623257680489
0 0.7133012663968017 0.614543550285851 0.019067582541716987 0.051354168874474124
0 0.7391610815256641 0.5972642810485572 0.017955461894930736 0.059893355172143004
0 0.6975401475590377 0.5581670647138213 0.018242066937884615 0.065362105172143
1 0.7529336544564427 0.587425489578745 0.010269114653892509 0.04714781851165419
0 0.5665900407070612 0.6165475383049513 0.03777996099041943 0.03641121515360961
0 0.9079996127333285 0.619441837494494 0.04752677521477082 0.028953379218760133
0 0.8946608090244268 0.5466045382201333 0.039424348145549 0.03802827885594055