0 0.3773694584346975 0.4161217295267233 0.040761355386194256 0.025329639784752268
0 0.38996945238457326 0.39951642638357027 0.039230671642972934 0.030725615177646402
0 0.38354621468121336 0.5633242152586997 0.03544259631100797 0.05085617865988183
0 0.8536707996775398 0.9999541510525933 0.04553975897699018 0.00009169789481333623
0 0.3720910850945224 0.5174659057054057 0.038535780054229286 0.045532977874093564
0 0.8096895164018567 0.9238894576057046 0.025368159542724554 0.06444564371369381
0 0.36090814539937266 0.5591439834556649 0.030764186670087578 0.05220035483856424
0 0.9045884050637341 0.9806792277170459 0.024655087235821327 0.03864154456590825
0 0.3887745910464506 0.47057378908001724 0.045444310206654494 0.024766713606069857
0 0.6276406065645446 0.7841248285743193 0.03932612041330898 0.047131865177646406
0 0.3579881993595112 0.38943079693790017 0.03065510236113216 0.03345035483856425
0 0.871544621788051 0.9033265545863859 0.04235112646343318 0.030089914391858485
0 0.536720169894457 0.8306851513621798 0.03065510236113216 0.03345035483856407
0 0.813905359491411 0.7365350068199163 0.0262039516972024 0.07385703101724665