0 0.21953125 0.45 0.03671875 0.03203125
0 0.22421875 0.49296875 0.03984375 0.02890625
0 0.3421875 0.46953125 0.0484375 0.02421875
0 0.415625 0.52109375 0.0421875 0.028125
0 0.415625 0.37421875 0.040625 0.0296875
0 0.2515625 0.434375 0.021875 0.06015625
0 0.70625 0.7625 0.01953125 0.06796875
0 0.803125 0.7609375 0.04296875 0.03515625
0 0.28203125 0.42421875 0.0234375 0.046875
0 0.62578125 0.65078125 0.03828125 0.0390625
0 0.0453125 0.128125 0.03125 0.02109375
0 0.9234375 0.97265625 0.03515625 0.0546875
0 0.74765625 0.68046875 0.0453125 0.0296875
0 0.753125 0.74140625 0.04765625 0.0671875