0 0.5068725263750288 0.7243006617877159 0.017292640015886106 0.05135416887447395
0 0.3673195081143795 0.3782292152384277 0.028793201704283344 0.03926339664195542
0 0.3802189285690748 0.35681800670823993 0.02724433847375849 0.03999008293962456
0 0.36221499675029384 0.44363596042910436 0.03705966923687924 0.020813497004775174
0 0.7615618007247581 0.8674876997141492 0.03683752678536116 0.052817465153609786
0 0.3765638689092724 0.46053328375008196 0.03546989569792895 0.019196433302444228
0 0.7920617784036237 0.8256102237607662 0.021980140015886107 0.05151785998146643
0 0.3456899699649326 0.3915278234057957 0.027203428165332964 0.03764633293962456
0 0.8783498802700628 0.8934276955377978 0.026722187093786688 0.05480655108845909
0 0.7639209618439624 0.9914993052337945 0.029574451704283432 0.017001389532411083
0 0.596998694394092 0.7883482928205746 0.03869035308425524 0.02477431070710594
0 0.8417208591667447 0.8078250122353536 0.034988654626382495 0.036356651451278664
0 0.36277410429877577 0.4756672104291043 0.030151150162155815 0.027599210344286362
0 0.8084658486134376 0.9939664458640955 0.03729149431795733 0.01206710827180899
0 0.7954968754020941 0.5751017922724205 0.027407979707460582 0.04936508293962447
0 0.38485365584090336 0.48814985226173624 0.03241307954530477 0.022993555897782514