0 0.7983435322555918 0.4819089321790477 0.042298815963434676 0.03782963978475244
0 0.8049959466474498 0.5238781083577301 0.04315284057054072 0.039428527088305285
0 0.6829925140586267 0.509986890408434 0.05301799214211726 0.03365156203449331
0 0.771093981593638 0.5356353997140589 0.030254734284234353 0.06377355562435234
0 0.1837907648871962 0.2310209059148028 0.04883991439185813 0.04437073821317572
0 0.6018302512383451 0.4652245080672799 0.04389770326698752 0.03868366439185813
0 0.6097070254311662 0.6175318707637268 0.04602312944567011 0.03410532630251702
0 0.3782021985094767 0.33705892845499397 0.04091825248119933 0.041663115177646405
0 0.2346319809744654 0.313993917701627 0.041226467535011226 0.03154325248119942
0 0.7400088014860142 0.557439779159729 0.03588615012383443 0.05078340405277597
0 0.9890364602439519 0.8540086023618741 0.02192707951209627 0.022694791356328636
0 0.2872796379227255 0.23403028184581615 0.024967920801998923 0.067425094499482
0 0.048949076302516936 0.04234801178682428 0.025637854838564223 0.03159675641014079