0 0.5120412200477511 0.3381113188958442 0.015944947730414504 0.05472529735504663
0 0.5362773282151192 0.31478023470909466 0.01667163402808356 0.05320829998588259
0 0.48787454454985524 0.2737603925592501 0.012710820325752792 0.05141828683170289
0 0.46867067676384033 0.2842729583301482 0.012847229581580067 0.05532453683170289
0 0.5224405175080131 0.2772270268024694 0.015753974772256464 0.04925654735504663
0 0.5839534586998237 0.6040023584289702 0.025292665879248943 0.05449007892507769
0 0.5111458973597456 0.44697808468085976 0.017507447730414506 0.05481630261671846
0 0.504508973042976 0.30175658994253163 0.013492070325752791 0.05146378946253884
0 0.4955853847458739 0.4721523899284142 0.013437506623422024 0.04990128946253876
0 0.5245982729503088 0.40626978469497727 0.01739832032575279 0.05169130261671846
0 0.7051737273889632 0.8247482269577612 0.04266121515360979 0.03834913943430394
0 0.5815402760303516 0.6918208768448217 0.016889888837407163 0.05945829998588259
0 0.5509897135939652 0.937846008386618 0.03393105589778252 0.03394236049510866