0 0.6176675152203182 0.5848723884896523 0.03790181840173403 0.02116713839274311
0 0.8589570420227876 0.06684386141982568 0.039866136803468066 0.04149782218833335
0 0.6175302783039107 0.663106491263194 0.04272582629424182 0.02361999116628475
0 0.5926899020237862 0.626133821335312 0.02681239995764777 0.04509494766329869
0 0.6216178098033546 0.7467184250587842 0.017293186789350656 0.05579605832062491
1 0.8470940788544905 0.07807230214927012 0.025219807878390555 0.017751197663298645
1 0.6292105019249642 0.7293309033072912 0.012196163111827297 0.048655705547083275
0 0.603429980948864 0.6493531157882286 0.014023973621053542 0.0666426393426736
1 0.24210055489461854 0.38239035343913175 0.010838789462538934 0.011955139342673605
0 0.3151167657850156 0.0010509041845398067 0.0387817789391951 0.0021018083690796134
0 0.9145538656156063 0.16177384850204785 0.026804694681858622 0.05835801386770836
0 0.2590906338196963 0.40546417752732616 0.032463160480991425 0.04834723423243066