0 0.3607001089022357 0.32625870884855895 0.010397144515609824 0.04187928494618802
0 0.6482551719375605 0.19586284925248373 0.02587669877033605 0.017607031017246654
1 0.26898530757437583 0.24071500702931337 0.007953400565734015 0.024582623035529317
0 0.31032337988127867 0.2543622841176186 0.013490328258831142 0.03655608416039975
0 0.2768296238311545 0.2356101300648426 0.014244307181592397 0.03190497146395277
0 0.1883620214700223 0.2635296147633617 0.02129828307929138 0.036138707195929064
0 0.28400177439688856 0.21171886579681898 0.015761355386194255 0.024165246071058542
0 0.6322488977370637 0.12634871587787228 0.028197722872636888 0.013809942927905449
0 0.17370007865161466 0.23158825599585606 0.03219942164297294 0.030398129445670108
0 0.4549455334720749 0.24546893527491037 0.026698855386194254 0.0246746683207995
1 0.6486642380961433 0.12555034925248373 0.0063045421544778435 0.009666098428423453