0 0.3234375 0.95703125 0.06953125 0.07109375
0 0.41796875 0.9828125 0.053125 0.03359375
0 0.37265625 0.6515625 0.0421875 0.03203125
0 0.36640625 0.62734375 0.046875 0.028125
0 0.39296875 0.6 0.04375 0.0234375
0 0.4109375 0.57421875 0.0265625 0.0140625
0 0.38515625 0.571875 0.04140625 0.04453125
0 0.37109375 0.55859375 0.04609375 0.0359375
0 0.36484375 0.528125 0.03984375 0.04765625
0 0.38125 0.49375 0.05 0.028125
0 0.41796875 0.5078125 0.0203125 0.065625
0 0.4296875 0.5421875 0.028125 0.05546875