0 0.3650668838584476 0.6133819980600148 0.04782986479079003 0.029253759885831697
0 0.3373213405745369 0.6685814926228073 0.03756448738612832 0.02571492441056833
0 0.2755455045548694 0.9745118631555926 0.05530754809323426 0.050976273688814897
0 0.4032042901190499 0.5742531724705829 0.029471734390903493 0.062051672433401886
0 0.3967558826773213 0.5348723374896109 0.02651042549789597 0.06661183844101312
0 0.33558771498397366 0.6286104086304185 0.0399181610699257 0.04843484140676253
0 0.3525495256910796 0.5909658285923624 0.04338790145127884 0.036094008897248564
0 0.3773139127143882 0.5763276670333755 0.02895337921876031 0.04720792243340188
0 0.358375428956457 0.5137494125847512 0.04998264183263199 0.023880510380123354
0 0.3818128627222374 0.9988460008836008 0.026436014427970278 0.0023079982327985247
0 0.352542091207509 0.5463709115961679 0.04019097958157998 0.05624734140676253
0 0.3703570737843139 0.5291024985543062 0.036192960344286276 0.031120007414373773