0 0.629332902169069 0.4962873457427783 0.03307788402808356 0.05307110182361115
0 0.6446503673226787 0.5325521540634034 0.039055065516429364 0.04540407218833344
0 0.6787476035276806 0.6371675720914242 0.03878224700477517 0.03759157218833344
0 0.6535045560674186 0.6966873892457643 0.04187996515360979 0.036883057370694416
0 0.6682069184111379 0.5588607341355214 0.039109629218760135 0.046966572188333444
0 0.656537786830125 0.6717783082237159 0.045813497004775175 0.0377552263486459
0 0.682455446085952 0.676284623478195 0.03468502404661713 0.03203190321038196
0 0.5126067706728741 0.9314955342880212 0.029335325135076216 0.05766768284565984
0 0.5924579286627568 0.6921440531897227 0.012683538474587409 0.05025457313826394
0 0.1745462315653145 0.751111171162153 0.04818452885594056 0.038591027735416714
0 0.44633941912892805 0.9961158530578821 0.014662700725639511 0.007768293884235789