0 0.75859375 0.4830457874363134 0.046875 0.030232940006363406
0 0.75859375 0.5330457874363134 0.04453125 0.022393168006045273
0 0.7734375 0.34103101010499515 0.04375 0.0223840773392725
0 0.728125 0.3225350014321773 0.04296875 0.03096873667249973
0 0.725 0.5162486387650864 0.04609375 0.023973849339590635
0 0.5578125 0.6205532360757238 0.0265625 0.03937158267027243
0 0.3984375 0.6366674900540884 0.04296875 0.03721873667249973
0 0.75390625 0.36658499343567713 0.0359375 0.020730670671545236
0 0.23203125 0.6417624280314985 0.04453125 0.02786191800604527
0 0.2671875 0.6796715080362711 0.02578125 0.05029999200349984
0 0.24453125 0.5340953786998621 0.04453125 0.030205668006045273
0 0.7296875 0.36083443276572275 0.021875 0.04634828866963616
0 0.1171875 0.8294886000159083 0.03515625 0.025409080004772377
0 0.1671875 0.7456954026893626 0.0421875 0.04736589600572714
0 0.128125 0.7999283693507264 0.03828125 0.03247669267186346
0 0.1890625 0.7178249413589988 0.02578125 0.05889374200349984