1 0.553125 0.31015625 0.0296875 0.03828125
0 0.228125 0.55234375 0.02734375 0.0515625
1 0.2125 0.56796875 0.0171875 0.0234375
0 0.2984375 0.9640625 0.0390625 0.021875
1 0.271875 0.9625 0.01640625 0.01796875
0 0.921875 0.75078125 0.0140625 0.06640625
0 0.5796875 0.34609375 0.0390625 0.0234375
0 0.58984375 0.21015625 0.0125 0.06796875
0 0.8609375 0.86015625 0.03515625 0.0515625
0 0.5703125 0.27109375 0.04296875 0.028125
1 0.59296875 0.2296875 0.009375 0.0515625
0 0.56953125 0.29921875 0.0234375 0.05