0 0.05 0.375 0.040625 0.04140625
1 0.30703125 0.4921875 0.01484375 0.04140625
1 0.07109375 0.3828125 0.01953125 0.015625
1 0.6453125 0.0890625 0.01171875 0.0390625
0 0.634375 0.07109375 0.0140625 0.06953125
0 0.26953125 0.48671875 0.015625 0.0625
1 0.25625 0.484375 0.0125 0.046875
0 0.3625 0.60703125 0.01875 0.0640625
0 0.35703125 0.4625 0.02109375 0.06015625
0 0.05390625 0.46171875 0.03828125 0.0359375
0 0.65703125 0.2328125 0.03046875 0.0328125
0 0.31015625 0.53359375 0.01796875 0.06484375
1 0.6765625 0.2265625 0.0109375 0.01171875