0 0.8061531861280331 0.6660311124131553 0.041135920688572726 0.06005683847375849
0 0.8576536879421317 0.6239351156595662 0.0426438569862416 0.05852161201270896
0 0.9128000010114903 0.7460652601396791 0.05845239546082901 0.10876707386326175
0 0.224799037123825 0.5245535353067778 0.0567237151536097 0.036905710632737156
0 0.21411948666833808 0.42743307345622483 0.054516374409436796 0.04077105032431163
0 0.879382355002507 0.6508930819743461 0.05498016587924894 0.05405230032431163
0 0.2949924860353659 0.5515757313290184 0.04157986479079003 0.028052862012708957
0 0.23360360744957784 0.4738950162320544 0.04991071996293304 0.04303297970746058
0 0.4412027979235981 0.5955593307598255 0.027936516242068877 0.062168763392680584
0 0.8020931355877282 0.8942242962605313 0.04999256551642937 0.04537672970746058
0 0.03986602033360203 0.38061480032431155 0.04702133293962455 0.02736706939903506
0 0.5803372197932971 0.618312812495881 0.04605903366526398 0.044527295860084595
0 0.05092008222183435 0.4222392386359143 0.04966518330244427 0.036001729707460586
0 0.1702107408446893 0.5431438482129911 0.04790427586071564 0.07500968262956001
0 0.8076090148064884 0.8481987301079071 0.05249008293962447 0.027462526785361163
0 0.9155604132625423 0.778945943987055 0.04268849700477517 0.037441498782184016