0 0.29014908197764144 0.4203125 0.016797762174864596 0.0671875
0 0.02030378083925571 0.715625 0.016497753246410878 0.05
0 0.6444952573003053 0.7140625 0.03127331939903506 0.04609375
1 0.663774911519651 0.9234375 0.014771612012708957 0.040625
1 0.032544682219227475 0.70078125 0.01208694277582959 0.02109375
0 0.6478732219902323 0.95234375 0.023665370941162677 0.0578125
1 0.6635043559203335 0.72890625 0.007249438311602674 0.0125
0 0.2506422970746054 0.484375 0.01209662540538945 0.06640625
1 0.2398411647693571 0.4921875 0.008698890015886107 0.05078125
0 0.3273257536501527 0.35703125 0.03829093262955983 0.0453125
0 0.31776161322722957 0.48046875 0.02910684740221221 0.05625
1 0.2885553542987758 0.46328125 0.01255059293798535 0.04765625