0 0.25 0.4890625 0.0453125 0.028125
0 0.25 0.53671875 0.04296875 0.02109375
0 0.2359375 0.3515625 0.0421875 0.02109375
0 0.2796875 0.334375 0.04140625 0.0296875
0 0.2828125 0.52109375 0.04453125 0.02265625
0 0.44375 0.62421875 0.02578125 0.03828125
0 0.596875 0.64140625 0.04140625 0.0359375
0 0.2546875 0.3765625 0.03515625 0.01953125
0 0.75703125 0.64765625 0.04296875 0.02578125
0 0.7234375 0.684375 0.025 0.04765625
0 0.7453125 0.54375 0.0421875 0.02890625
0 0.27734375 0.371875 0.02109375 0.04375
0 0.86796875 0.8296875 0.034375 0.02421875
0 0.81953125 0.7484375 0.040625 0.0453125
0 0.8578125 0.8015625 0.03671875 0.03125
0 0.7984375 0.721875 0.025 0.05625