0 0.3641831363241863 0.5078598660725692 0.02920623184962743 0.052235300436840326
0 0.3932126270526083 0.3517364994313191 0.0384221505657341 0.0251097559839236
0 0.3806262686413519 0.3668711901607636 0.03840396984757479 0.021984755983923597
0 0.3928353771508042 0.41658024943131905 0.043091469847574795 0.02209385875746541
0 0.3860445007855669 0.5096944697960414 0.033076120413308895 0.04607621941479181
0 0.6263235462596943 0.6978256769586453 0.039298849336070064 0.04153418977951393
0 0.8900219110156625 0.8885363702535409 0.01991304508134384 0.06607959488975687
0 0.3651558047457054 0.3406723660725691 0.03378010236113216 0.03281315321038196
0 0.3745802808397962 0.4662172267298955 0.036973280054229285 0.04460463839274311
0 0.8569508566627405 0.7994745234639229 0.04234658128389342 0.02832567496187508
0 0.5354349258463854 0.7452474972471176 0.0267761234383709 0.03733699905006951
0 0.8005963175333249 0.8187525067464229 0.0206988402608836 0.0668790286853472
0 0.8476344231159109 0.923893295215416 0.046389186670087665 0.05185409393982639
0 0.8078462570320829 0.6467320363817007 0.029228957747326235 0.056141550436840146
0 0.36724100039278346 0.2507922484813886 0.025177262002052548 0.031050631458888846