0 0.4749751905789125 0.5608883508354838 0.01438975292686635 0.05682300296574958
0 0.4928888775435876 0.7054023547898165 0.012804527029167189 0.0528530859695552
0 0.4597501663784156 0.49150168087353985 0.012813617388246712 0.05441558596955502
0 0.4470183622218854 0.5308360949039848 0.014394298106406111 0.05760425296574958
0 0.4980586874556545 0.4883740222803025 0.012813617388246712 0.05441558596955502
0 0.5175399404807166 0.49776360973273237 0.010488048106406111 0.057445085475263544
0 0.39983779343102394 0.8500835020143473 0.02382838544042354 0.06814250494291585
0 0.47507920882748095 0.6773264343335811 0.014426114363184795 0.06307300296574958
0 0.45892294370217035 0.6336891808735399 0.01438975292686635 0.05682300296574958
0 0.4798990399149825 0.520454351824067 0.012055093285945872 0.05829000247145792
0 0.40547419419314973 0.955806919999125 0.01758747579950324 0.06945033695813833