0 0.4292978941279785 0.10043628462439003 0.04057580417661057 0.08495112364928845
0 0.6584758560814186 0.3823787164344175 0.03990156203449331 0.05374662628012441
0 0.6507617477281975 0.5480037164344175 0.048386150123834425 0.05190340521931951
0 0.6516607758499602 0.41160348485026893 0.04700558664159917 0.05571864995764777
0 0.6247600198541041 0.5876955479903312 0.04168238585581072 0.058525131541796324
0 0.6760036503332315 0.4577126454018476 0.05036602708830529 0.04422741311182747
0 0.595686795908952 0.6431488874387525 0.03436003742738745 0.051865607864272786
0 0.5625020382559569 0.21811806633559544 0.016992754962398847 0.08046104472421067
0 0.5303830510762385 0.17168268209237617 0.04255352708830529 0.043772386803468066
0 0.014963566377719482 0.24569193159826597 0.029927132755438964 0.036741136803468064
0 0.6834009274215367 0.41598787698599604 0.0385573858558109 0.058343121018452494