0 0.38645383159072944 0.3936015717177277 0.03065124116628475 0.0415789668225127
0 0.36845132684107684 0.5262913518701529 0.027580792553055566 0.04390453610435348
0 0.37448116166284756 0.4161850988450907 0.03294043977951393 0.03924885236113216
0 0.5214542659550008 0.7904270956236369 0.02305694671336802 0.05090851502711473
0 0.35286073480111146 0.42699533381797605 0.03519327080156254 0.03535623789975162
0 0.9028523491612507 0.9332519625209045 0.02249390226045165 0.060278969847574616
0 0.37364666669684066 0.48101521330647135 0.040371080072118114 0.0228880541565303
0 0.8665134992375008 0.8486769746211529 0.03735518284565984 0.02755737343837126
0 0.6181662650050701 0.8175486527070334 0.027653527735416718 0.047029536104353654
0 0.3882007823881602 0.5357799813586481 0.02441942496187508 0.04232385538619425
0 0.37957001158659764 0.5005782795632501 0.03733699905006951 0.0267761234383709
0 0.8107544617184382 0.8694434716942865 0.03174161569131932 0.05486476200205246
0 0.7901276115103476 0.58733040846257 0.03877221248093754 0.021316463797450603
0 0.7994727760229869 0.9217144988216497 0.037664307370694414 0.0408386234383709