0 0.8765126679265034 0.48998827715540527 0.03116927868395365 0.12907284997176519
0 0.007644405961581313 0.6235817131682971 0.015288811923162626 0.11768032366340578
0 0.7497523626273199 0.24597921387416877 0.02438347668681722 0.14975707629424181
0 0.45903809798695516 0.0701211186346717 0.023511320019090044 0.1402422372693434
0 0.4194483393141373 0.11688033197943667 0.019005086012090368 0.09010906050922625
0 0.44374835797263756 0.17558049779268708 0.019477800684271785 0.13073406050922626
0 0.3116267486473645 0.12394094503479428 0.03184144068268111 0.11974335260260105
0 0.19974546133036378 0.016323679038017208 0.019259077339272457 0.032647358076034416
1 0.48610912798377354 0.0911376083583831 0.015870995345317596 0.08914579998588254
1 0.7605165926161842 0.3273279244116299 0.01666133601209019 0.08997255261671847
0 0.527592815245095 0.6188306978773916 0.03899996001749919 0.1310903762801244
0 0.49967690058086756 0.6025000425874849 0.028380086012090366 0.0906550920792574