0 0.4246124323839354 0.3799163216195318 0.03884633023145838 0.02912441861791084
0 0.41666288358400844 0.533818026439992 0.042679805624352515 0.027584644515609824
0 0.21170786393930136 0.454479463502863 0.04627784057054054 0.03775907523376922
0 0.3478080297789016 0.46855611992232954 0.049638281017246655 0.026063051131468028
0 0.7899397560003651 0.7743355047735779 0.04656893899896399 0.04400907523376922
0 0.03611082030666091 0.13071418969514967 0.02500215405277594 0.033730105386194253
0 0.6329342388368575 0.6554213574292976 0.03799230562435234 0.0275573734383709
0 0.2145032241545491 0.49513173458010196 0.049638281017246655 0.026063051131468028
0 0.6826901821790476 0.7784003151766242 0.026911410462916764 0.05795340056573402
0 0.24377765529563025 0.42028172550491555 0.02631209698068133 0.06185510538619425
0 0.7243747220876344 0.6887747337945349 0.04974744292790554 0.02840680113146803
0 0.25952893383167747 0.4344396742752516 0.02671235731976367 0.07044885538619425
0 0.7291135719638 0.7380343904103933 0.050186244623316514 0.07136646077238851