0 0.2628621647829408 0.4678718853987139 0.042924109981466604 0.022812758897248563
0 0.4577356659640671 0.39623826041730437 0.03172371515360979 0.03717900642579064
0 0.7652108600662846 0.3767812421656967 0.04308780108845909 0.027500258897248563
0 0.6143750463639537 0.3690748770329379 0.0402083377489479 0.03440417490485981
0 0.2963021473597456 0.48717764231879607 0.04534970553496276 0.02525200939154022
0 0.30064245089527547 0.6784883918245045 0.04096230589778251 0.033654758402957084
0 0.252195027211478 0.6538902984405756 0.040662205534962845 0.025061008402957087
0 0.2622371714063627 0.5169951349044222 0.0454042692372937 0.026814509391540044
0 0.7678671233131285 0.47518690866759955 0.043497028855940555 0.03921900889724857
0 0.8792758161494018 0.20277735087266482 0.03457589664195524 0.029493840418179394
0 0.7371751401033515 0.333511403230392 0.03412202885594055 0.038837006920082205
0 0.27397825797418435 0.6298134698853942 0.039826391832631994 0.02346667490485981
0 0.8716096490890262 0.22898968239359568 0.04182540145127902 0.03603034190105418
0 0.829370074586922 0.2928001730020555 0.03440477105139195 0.06927392342198502