0 0.5254736489193901 0.48146640136217955 0.015245543283910834 0.05686858416039975
0 0.4112424462948342 0.8619286892038517 0.02352183475372307 0.07051370719592924
0 0.4792831512816428 0.6389492615774273 0.01538195253973793 0.06077483416039975
0 0.49109118131870966 0.681755345737827 0.01937004809323426 0.06330052067816432
0 0.5455951759612321 0.4878812212545558 0.015245543283910834 0.05686858416039975
0 0.5057885983790851 0.7090455918088857 0.021949411069925696 0.04782106989237604
0 0.4853297985565703 0.4882043988809802 0.01443701143274545 0.0560509468568469
0 0.5007067726958547 0.5632600568626975 0.016917170688572368 0.060066358767505615
0 0.40636891862001995 0.9728516493476143 0.02651042549789597 0.05429670130477149
0 0.47154755155179534 0.5243409520241334 0.014627984390903492 0.061519696856846905
0 0.5070311837657805 0.5166033806840151 0.016026793283910833 0.05690497146395277