0 0.4762268060395144 0.47824314162378434 0.013009799486909657 0.05574150693385427
0 0.463836562023438 0.5168335161488191 0.013918336056041624 0.061228440729444424
0 0.49797517268076436 0.5058771791428468 0.013082534669270984 0.05886650693385427
0 0.5143080342880213 0.4687583856398607 0.012210365691319502 0.054942073138263936
0 0.49508721523381993 0.5497180981207982 0.01697060087368065 0.05817617591180557
0 0.47964535961048665 0.6251181416237843 0.014645034669270807 0.05890287452503475
0 0.42472604274048675 0.8515182938842358 0.02269392401194459 0.06924096248093754
0 0.42959734032753544 0.960057492497465 0.022512086056041623 0.06142846248093754
0 0.4955074021635422 0.6685226495075691 0.016334821238402953 0.06440799211621524
0 0.5149120188047922 0.6962112384134024 0.01446319671336802 0.05109037452503475
0 0.5356018060395142 0.4768611731589232 0.01226491707809032 0.057285823138263935