0 0.94921875 0.33213891012885777 0.03515625 0.06056533000477256
0 0.6796875 0.6649401300922685 0.021875 0.06353578866963616
0 0.63359375 0.7214350307526779 0.0375 0.03637385200509069
1 0.29296875 0.0877840000397709 0.0265625 0.019059082670272565
1 0.9265625 0.3545315307924487 0.009375 0.017296588001272716
0 0.3109375 0.3997118353755435 0.025 0.05966590133672707
0 0.3109375 0.08252433537554352 0.034375 0.030868739337999784
1 0.62421875 0.6908571927514051 0.0109375 0.048564769334818084
1 0.29453125 0.37295843137331636 0.00859375 0.018068747334499945
0 0.61875 0.7517310580839961 0.0390625 0.044204533338636054
0 0.64765625 0.6333174127545869 0.03671875 0.038708511338317916
0 0.96953125 0.41128151746494856 0.03984375 0.03405737400540883
0 0.0609375 0.004615322008272346 0.040625 0.007503964672181565
1 0.69140625 0.6517952400938594 0.015625 0.04471306333545435