0 0.8353813831226177 0.8820466123905849 0.027680715096963838 0.06545458163720567
0 0.898046798706049 0.7414492678630805 0.03632901217486477 0.06902996099041943
0 0.8661928267092263 0.7296143311829205 0.03557503571381489 0.07055151741285463
0 0.2709093745979058 0.5623549943457904 0.0601250223211343 0.046080461894930556
0 0.7889233944867036 0.9452968848918222 0.047434107548481916 0.03448786465389233
0 0.7984189456217939 0.7596869335123412 0.04610343262955983 0.04768722749876275
0 0.5483837638030129 0.6590031015364511 0.04581706047058134 0.031280977498762755
0 0.17308730357401775 0.38754202283992145 0.051268219561190785 0.07527663896415211
0 0.5232711209477532 0.9329385685197643 0.018005706168510115 0.047775758706427494
0 0.28757867735784937 0.5929432530522177 0.04509035754848192 0.03436503392119796
0 0.2579105426169691 0.5006805099496227 0.05239434293798535 0.05035852611928178
0 0.4449684375041191 0.6254326057203227 0.04375968262956 0.047564396766068204
0 0.2043315750843732 0.4791054030976462 0.041139243100141165 0.0763068724558087
0 0.9376490409954112 0.8021720838964541 0.05892676095704843 0.11158263116223566
0 0.038790170050953435 0.33124003392119794 0.0345483238632619 0.05644807383528967