0 0.8852340317817926 0.19238806886677007 0.027532736775233248 0.07085801386770836
1 0.54306558745287 0.6286769398764231 0.02393032366340577 0.022402330072118205
0 0.6019855611445107 0.635107471411562 0.02064569994353036 0.059775043502986056
1 0.2547968319088495 0.340474303952222 0.012166071032569902 0.021348323138263937
0 0.5669735243128079 0.6468450584175341 0.038265839448421345 0.027417138392743113
0 0.30719857899566494 0.04356228315065946 0.04047308155591365 0.02512793977951392
1 0.29114864476656305 0.024431076653645585 0.024620568401734034 0.02085801386770835
0 0.58146022951801 0.5856529852792703 0.019356215728545935 0.06442617591180558
0 0.5483299401260583 0.6722451019205203 0.038811871018452494 0.03679213839274311
1 0.6096916453312604 0.6099620010468397 0.014494410480991426 0.04792900693385427
0 0.9244869766048254 0.28197659251812424 0.0387285710325699 0.021966572188333356
0 0.26607596615206885 0.37454017942718726 0.024923676266007 0.05285289627652787
1 0.8690329081325041 0.22943412718739511 0.007986805247554329 0.016569904160312454