0 0.7190389573896215 0.5138997207128995 0.03597445616851012 0.048717460990419424
0 0.7531724496789837 0.5743359317033189 0.038318206168510116 0.048840291723114146
0 0.7325014395327141 0.5490117051090673 0.03598809293798535 0.04949871099041943
0 0.7503008198093675 0.6492540445481891 0.04189717370110611 0.03029500961093845
0 0.7213167033324317 0.6969988257558536 0.043527857548481916 0.03428314676606821
0 0.7496871651829847 0.6844102945481891 0.037182400162155814 0.028486848145549182
0 0.5591268003309022 0.9395094730877487 0.023747191558013726 0.06368736374938137
0 0.6887457110430695 0.636644501920564 0.017251729707460584 0.04929731512886235
0 0.7264269431861619 0.6730257372212429 0.04657103693163087 0.02975942107632772
0 0.2652985284135096 0.6598065264579661 0.021980140015886107 0.051886726594251795
0 0.17505180925935587 0.9021777329258297 0.021812544642268693 0.08700203301668666