0 0.6203125 0.48800545251082655 0.03125 0.055960839923887916
0 0.590625 0.6556213754385201 0.040625 0.028217841901054187
0 0.60390625 0.6394552059708677 0.040625 0.024311591901054187
0 0.590625 0.58609012543852 0.0453125 0.02450259288963732
0 0.596875 0.4873979574537424 0.03515625 0.04987000741437377
0 0.33984375 0.2908399283277198 0.04140625 0.04465592539915138
0 0.05703125 0.09142615463890472 0.0203125 0.07035892095052709
0 0.62109375 0.6676611190127294 0.0359375 0.035839340912471054
0 0.609375 0.5329823714841873 0.0390625 0.048466674904859806
0 0.09296875 0.1860555637264337 0.0453125 0.03075259288963732
0 0.43671875 0.2384550745636676 0.028125 0.040989755931498985
0 0.153125 0.16485438437294966 0.021875 0.07198508794672147
0 0.1015625 0.05367414524736456 0.04921875 0.05669301038012333
0 0.14609375 0.3487346358558244 0.03046875 0.06061650642579064
0 0.61953125 0.7630372860089238 0.0265625 0.033113588935304604