0 0.17162192950461116 0.7110580879687838 0.030607648456053925 0.07256771879233562
0 0.16403511879750518 0.7490117893482648 0.04635913402808365 0.054677533921197966
0 0.31123006652791974 0.7027210447753317 0.04982887440943688 0.04238225180902226
0 0.8074503352170591 0.5009670307533792 0.061383933302444404 0.038308905472495526
0 0.2591640803229178 0.8040887929663094 0.021287212158384784 0.07363889586155707
0 0.2046353261465666 0.6846117746489437 0.03206102105139221 0.06952460594746519
0 0.8073486422959683 0.548705167908509 0.05494296034428601 0.0325126068519765
0 0.24025536761637883 0.6731729856393632 0.03583086179556503 0.06582307383528967
0 0.31780990482502186 0.8729073920163698 0.041688992195451746 0.03259781603337366
0 0.9367360750502582 0.31755142243106477 0.05489832032575279 0.053565413274411534
0 0.8318799055428119 0.45137314450276056 0.04675843811176748 0.04378097749876275
0 0.6569666963796521 0.5517815010160528 0.04818452885594056 0.03995661465389251
0 0.5602901038213808 0.585848884553138 0.03953621515360979 0.03794373530067894
0 0.8712251477382636 0.4229106298034395 0.048020837748948254 0.03526911465389269