0 0.31796875 0.471875 0.04765625 0.0328125
0 0.21796875 0.490625 0.0359375 0.04765625
0 0.3953125 0.50859375 0.03828125 0.0421875
0 0.21484375 0.45 0.04296875 0.03671875
0 0.96953125 0.978125 0.04609375 0.04296875
0 0.7984375 0.75625 0.04609375 0.04375
0 0.2453125 0.4546875 0.01875 0.05703125
0 0.06328125 0.11484375 0.03203125 0.01640625
0 0.7765625 0.76640625 0.05546875 0.05625
0 0.93671875 0.94296875 0.0421875 0.0484375
0 0.7578125 0.7203125 0.046875 0.0296875
0 0.27890625 0.409375 0.0375 0.04609375
0 0.3921875 0.35625 0.0453125 0.0453125
0 0.703125 0.73125 0.03203125 0.05
0 0.76484375 0.6734375 0.034375 0.028125
0 0.61015625 0.66015625 0.03046875 0.02421875