0 0.3973064981010834 0.36796875 0.039017859981466604 0.02109375
0 0.09591505745742704 0.9 0.04056300181409853 0.04296875
0 0.4048040287711226 0.2875 0.04378720553496294 0.0234375
0 0.42687743621285107 0.3265625 0.026636911069925516 0.046875
0 0.40864084610165047 0.2 0.0168626069862416 0.0578125
1 0.10957825337374302 0.8890625 0.02562748257680485 0.01796875
1 0.39863836352484566 0.21796875 0.011148320325752793 0.05078125
0 0.4175942054501448 0.3015625 0.01258433475372307 0.06953125
1 0.7669567660724328 0.58828125 0.010565477767481467 0.01171875
0 0.6536878627222374 0.990625 0.04047123257680489 0.01796875
1 0.675344607912914 0.996875 0.029905754809323427 0.00625
0 0.047817352555436385 0.80078125 0.026319452539737952 0.06015625
0 0.7514235353097265 0.56328125 0.032214788474587405 0.05