0 0.24467476095825474 0.25875125730360066 0.024858758891340215 0.06444432954530477
0 0.6585789032242064 0.34637931127806487 0.028672963606069857 0.04577615016215582
0 0.6502976763835703 0.4032196465054125 0.040717045285270356 0.01944547524323372
0 0.409614748552258 0.06257350689656356 0.019843773159363743 0.05733125892845372
0 0.63715766749223 0.3389798685022353 0.029345051695410972 0.04344603693163087
0 0.6546619987571457 0.4634031700443629 0.032288115177646404 0.03959433400953163
0 0.648097321545006 0.37273725973593735 0.03544950248119925 0.0404301310874323
0 0.6786624249358282 0.4591384098980932 0.0345034325888232 0.020117631087432385
0 0.6445614067388631 0.4811810052717105 0.027891713606069856 0.04576251339268058
0 0.4955522485522579 0.06407355153883226 0.03203340405277579 0.034125584009531626
0 0.15992080955329394 0.014500650972934678 0.03621148180303493 0.023269904626382648