0 0.34754053698811627 0.5774619312453302 0.02920168667008758 0.05246484734092931
0 0.3586962056060271 0.5405989680770331 0.036973280054229285 0.04588862364928836
0 0.369874600121637 0.49982975490873593 0.04231021984757479 0.023550892065139807
0 0.37106491628021976 0.4295627575395719 0.035410780054229284 0.045797618387616625
0 0.5970127752806513 0.8170682757436619 0.03311248184962743 0.05347361049510866
0 0.3678257659108774 0.5833324996470642 0.03151816559284874 0.04791385523343692
0 0.34138650663929937 0.4262711575678068 0.03302157825883114 0.037848610495108834
0 0.3608223078689634 0.4438149733387049 0.03765453610435347 0.02874662628012441
0 0.8370878085563345 0.9256143360411266 0.0400164668225127 0.032008134172632194
0 0.5116201759445813 0.8527334889825461 0.03378010236113234 0.03398786312594489
0 0.78148724834968 0.945039899251776 0.015193728824565156 0.06102079998588259
0 0.8654713629092565 0.9916393851174675 0.0230425902608836 0.016721229765065005
0 0.7710002420049682 0.7326386097892371 0.02074429205628192 0.07540181840173403