0 0.018945537253402485 0.48577268010762387 0.03789107450680497 0.03548588978475227
0 0.655159677791293 0.029421422199646358 0.013699406517662282 0.058842844399292715
0 0.6751489491631194 0.21145734512316375 0.033057939695149585 0.04371576674922304
0 0.3462961995559029 0.4860786253118409 0.01991759026088378 0.06731593258882321
0 0.35791897990471977 0.636277678454994 0.026158499901804078 0.06604453101724665
0 0.0184540424490653 0.3912778174111768 0.0369080848981306 0.045569365177646405
0 0.3036450912428424 0.567731039703699 0.019931225799503238 0.0696596825888232
1 0.30000700683569115 0.5218192262214637 0.014348846311007968 0.04987372146395277
1 0.6659426416869395 0.04864913006935182 0.011991460772388506 0.04742080955329393
0 0.2594274586310892 0.5158988660062159 0.015243725799503238 0.06944135876750561
1 0.24460188934924845 0.5134652247737217 0.013594867388246801 0.05452483416039975
1 0.03672173253699844 0.4005243848223536 0.019667605386194265 0.0243471825888232
1 0.6900336057789778 0.20373473635565809 0.019649424668035032 0.0212221825888232