0 0.5125 0.3487861788692788 0.01484375 0.056160108767505615
0 0.5375 0.3257467851555851 0.01484375 0.054597608767505613
0 0.48984375 0.2826539106723137 0.0109375 0.052853172249741044
0 0.46953125 0.29297498056468985 0.01171875 0.056795809553293886
0 0.525 0.2864852320124319 0.0140625 0.05065497146395277
0 0.5765625 0.6247086699779386 0.0234375 0.05656036910658777
0 0.50703125 0.46232213999414923 0.01640625 0.05623288337461148
0 0.50546875 0.3116136646012551 0.0125 0.05292594685684691
0 0.48984375 0.48734141067231374 0.01171875 0.051327059553294065
0 0.52265625 0.4201881439230907 0.01640625 0.053107883374611475
0 0.69375 0.8536255744449992 0.04296875 0.039501301695410974
0 0.57109375 0.7148071311028091 0.015625 0.06166524607105863
0 0.53046875 0.9635742708875614 0.03359375 0.02500215405277615