1 0.2847238275167099 0.06121131848804935 0.021502853084255057 0.024051265439406187
0 0.3045141761367381 0.045799267155265846 0.03712785308425506 0.024505906505633
0 0.936197004060485 0.2710453757598346 0.039181276785361166 0.05267637061225568
0 0.6024615633165457 0.691484874043975 0.03903127232113448 0.04408262061225567
1 0.6145445519524599 0.6255416252976163 0.013236385551659069 0.04255121285298138
1 0.9146805142067549 0.29587789119924085 0.007263075081078085 0.013485838479802049
0 0.6194132840955524 0.6597575009244367 0.03204093262955983 0.04622178213245363
0 0.30148503896352113 0.3535435709953318 0.025159687093786687 0.05461094365265158
1 0.2869822082004004 0.3344442300082473 0.015266489853730292 0.024650659012915455
0 0.9535424168045425 0.35096855648036246 0.039621607548481916 0.03316785266556703
0 0.6665297918061902 0.5998225597790677 0.020622191558013547 0.0630683013327836
0 0.6286576448904453 0.5774989303913234 0.03734604139585791 0.03700590650563314
1 0.6768905933483177 0.5878082930860203 0.014880706168510116 0.047284176959604095