0 0.33360698132901834 0.3331736049510883 0.030382975243233634 0.04157284997176518
0 0.8906901931762761 0.8604289517979072 0.019813668019063257 0.06202956314006229
0 0.3656967325468343 0.29367846544619713 0.0295608149348082 0.03918359734092913
0 0.3528245856310894 0.31634242072198643 0.028039225243233636 0.04143634207925739
0 0.8570225308392558 0.7648133439336344 0.03437104586008459 0.046487863125944884
0 0.3431416684228051 0.3875803838902835 0.036278419236879245 0.021624371018452493
0 0.3614240641207339 0.4065956943995097 0.03937614569792895 0.02024388154179633
0 0.7524265340856665 0.8086704887707846 0.03986706939903506 0.048368881541796326
0 0.8019492471540357 0.7842389071442838 0.01819662094116268 0.058813557878390196
0 0.7532192410649557 0.981764402946197 0.030519342937985527 0.03647119410760595
0 0.34361895535443604 0.4149241338902835 0.03159091923687925 0.021351355233436918
0 0.3680968039744642 0.4311784654461971 0.035674447240056396 0.031735118387616626
0 0.8004527512112254 0.9667783913592682 0.03404376339268041 0.027737863125944884
0 0.582667413144504 0.7410294205102248 0.035152295860084594 0.046533365756780756
0 0.496846915580136 0.653302636379945 0.014222187093786687 0.054679794724210674
0 0.8185525458567895 0.5729219755460179 0.019059691558013726 0.06354656050922625