0 0.38030761432745386 0.537876565758547 0.043097724772256554 0.05036602708830529
0 0.4049455157787326 0.571159946651959 0.03871032513507622 0.05874145326698752
0 0.5886309687818068 0.09465729694240935 0.03941965326537726 0.07905395326698765
0 0.43319949055098916 0.6183602783311595 0.029308043283910835 0.05752355562435252
0 0.37328874409436824 0.3816993403656528 0.03838294292109108 0.0493664532669877
0 0.37893110888515824 0.4088247665443352 0.04323413402808365 0.05427227708830529
0 0.34965283665263963 0.4219262340793465 0.032668656260602266 0.042080492142117086
0 0.36014639255042213 0.4535208364367113 0.049047624409436885 0.04206337551672874
0 0.4941567716843644 0.16791932258297249 0.04257936960011346 0.0355222770883052
0 0.4655059820286507 0.19898954011798378 0.016626994009550165 0.07409247146395273
0 0.9862636541724268 0.1698497721304157 0.02747269165514652 0.03753854135632886