0 0.15234375 0.834375 0.0234375 0.034375
1 0.165625 0.83671875 0.0109375 0.02265625
0 0.45546875 0.746875 0.0359375 0.025
0 0.5265625 0.7359375 0.01640625 0.034375
0 0.565625 0.70546875 0.02421875 0.01875
1 0.52578125 0.73203125 0.0109375 0.01875
0 0.81875 0.57109375 0.01640625 0.0234375
0 0.63671875 0.54140625 0.00625 0.028125
0 0.40390625 0.5671875 0.015625 0.01875
0 0.378125 0.5609375 0.01328125 0.015625
0 0.3140625 0.48828125 0.0171875 0.015625
0 0.31640625 0.4765625 0.0140625 0.01328125
0 0.1875 0.5203125 0.01171875 0.01953125
0 0.08359375 0.55 0.01953125 0.01484375