0 0.742127891662996 0.6592581611390574 0.03946429328391084 0.05777800790866543
0 0.7912300797747636 0.6197937545229864 0.04097222958157989 0.056279174904859806
0 0.8426611158022803 0.7376789328878873 0.05591767250267097 0.10447659437251211
0 0.19024298784946442 0.511592710493854 0.05429811960011337 0.035758427870609386
0 0.18018099628698492 0.4188640410262018 0.051309528855940555 0.03953734387822046
0 0.8114235286863044 0.6464345089716106 0.051746038474587405 0.052037343878220454
0 0.2565574686121707 0.5393303913302129 0.03918155108845909 0.02734109140676253
0 0.19896571262172097 0.46344171197672884 0.04748512440943684 0.0417219263877346
0 0.39584565790506476 0.5833416709877082 0.027046138837407162 0.059612421939110226
0 0.7376958188901724 0.8757917451314462 0.04756696996293321 0.0440656763877346
0 0.01836183108311701 0.3714266724334019 0.03672366216623402 0.026782675893442943
0 0.5271948616259291 0.6082527821661342 0.043633438111767654 0.04312525889724857
0 0.0247940918404812 0.4101854249048598 0.0472668696001134 0.035471926387734595
0 0.13880697342149415 0.5282735331175363 0.04545139845605393 0.07284459239534584
0 0.7439383844066019 0.8314514961200296 0.0493105192372937 0.0269736768820259
0 0.8462573417556631 0.7691199338764705 0.04107143330244441 0.03677975840295709