0 0.6476876230530312 0.49174753075267785 0.030338369358614514 0.049555104670590745
0 0.6599913947606435 0.4583083220878141 0.036383780878812465 0.04259658000477238
0 0.685274888096726 0.36097933609163213 0.03617919239901042 0.035565330004772557
0 0.6578114661516867 0.3028668440881323 0.039258728292387704 0.03403919267186337
0 0.6803577190546806 0.43355377009067764 0.036429244985435004 0.044159080004772554
0 0.6624224098043383 0.3271310474219959 0.04318771034569906 0.03486589600572696
0 0.6865274995377816 0.3235066080919503 0.032895068025830906 0.03006021733768165
0 0.510662366851332 0.07701177406904228 0.027349761678482486 0.05420624200349984
0 0.600871144364932 0.3053282254137236 0.012301423198680439 0.04700226933481808
0 0.20291336599340215 0.2366567573599533 0.04555419239901033 0.035674418006045185
0 0.44312787437317935 0.010623158060133597 0.012818248746358663 0.011082950668363557