0 0.6234375 0.6123285714575502 0.02890625 0.03912233597251955
0 0.17109375 0.19111543032481643 0.03125 0.039190532132453625
0 0.221875 0.16463784685957927 0.0265625 0.052335389812585564
0 0.63671875 0.5892858765512574 0.03046875 0.03760530007914227
0 0.65859375 0.57458687905854 0.03046875 0.03760530007914227
0 0.24375 0.008388504189888606 0.0296875 0.016777008379777213
0 0.63125 0.5066325009244368 0.0359375 0.022920674452321776
0 0.225 0.43485941864633393 0.03046875 0.040730300079142266
0 0.24375 0.11243884936686174 0.03828125 0.055020120612255675
0 0.13515625 0.10700485477713809 0.021875 0.05688649749271755
0 0.64140625 0.5243057342313894 0.0390625 0.021449102665567033
0 0.50546875 0.24076111150756266 0.0203125 0.05059103338609487
0 0.4109375 0.20132418995823484 0.03515625 0.04086669239901033
0 0.62578125 0.4778853752976162 0.028125 0.03128710391920819
0 0.64453125 0.48827730601814406 0.028125 0.032849603919208194
0 0.2 0.0012522827759009893 0.03515625 0.0025045655518019785