0 0.93984375 0.5765625 0.025 0.10859375
0 0.11640625 0.534375 0.0265625 0.1140625
0 0.903125 0.609375 0.0234375 0.10390625
0 0.23359375 0.3078125 0.0203125 0.13359375
0 0.9265625 0.45234375 0.02578125 0.11171875
0 0.496875 0.13359375 0.01953125 0.1265625
0 0.53203125 0.17421875 0.01640625 0.0796875
0 0.509375 0.228125 0.01640625 0.1171875
0 0.62890625 0.175 0.028125 0.10625
0 0.73203125 0.04453125 0.0171875 0.08671875
1 0.471875 0.1546875 0.01328125 0.0796875
1 0.22265625 0.38203125 0.0140625 0.08046875
0 0.42890625 0.63203125 0.03359375 0.115625
0 0.4546875 0.615625 0.02421875 0.08046875