0 0.753125 0.53125 0.04375 0.040625
0 0.12890625 0.29296875 0.04609375 0.096875
0 0.18984375 0.38828125 0.03515625 0.05703125
0 0.16796875 0.3703125 0.0453125 0.053125
0 0.23828125 0.35 0.03515625 0.05234375
0 0.7046875 0.45546875 0.0375 0.04140625
0 0.23984375 0.15 0.0421875 0.034375
0 0.7515625 0.4828125 0.05234375 0.02890625
0 0.225 0.20625 0.040625 0.02890625
0 0.7921875 0.5875 0.046875 0.03984375
0 0.45078125 0.4 0.0375 0.02578125
0 0.81796875 0.49921875 0.03203125 0.0734375
0 0.9328125 0.60625 0.04609375 0.103125