0 0.8495482033736345 0.26732875518784155 0.02824427335295354 0.14545883293962455
0 0.5851573446849082 0.11399545717942534 0.02426529801877191 0.1390724236837974
0 0.27435784671386143 0.3382167294967619 0.02402894068268111 0.11875992368379737
0 0.4606526194302683 0.6982663081752172 0.03175053401495376 0.11122024219545175
1 0.6137277873567717 0.15129456053746995 0.013499973344999461 0.08637400961864686
0 0.2954874120384982 0.2733903376641299 0.02257552868395374 0.1280803599814666
0 0.8464986654200869 0.6097617918483305 0.026463597350408465 0.1266542692372937
0 0.03057476810149533 0.746892358167368 0.02623633068109025 0.1071230192372937
0 0.21913618674408736 0.5628918364830036 0.022511894016544697 0.12261160998146661
0 0.4846446501034043 0.7451041026402544 0.023020424013363083 0.09920139183263199
1 0.8811634720719057 0.4991318266947207 0.02594542934436319 0.0821230192372937
0 0.3323948766709089 0.025745886527374917 0.03432100334181776 0.051491773054749834