0 0.6604227772232184 0.5205007931364364 0.036412343878220454 0.05019998789975162
0 0.6537390371090501 0.5674257901113743 0.04090884288963732 0.045539758976990544
0 0.04950525148287476 0.006956254537593154 0.047448002965749525 0.013912509075186309
0 0.6324569447137043 0.5245706695998695 0.04059050790866543 0.037727258976990544
0 0.3452885726608633 0.34260409387512103 0.04708058844101313 0.024486915592848747
0 0.0694649244105682 0.03632331938003663 0.04623567144481868 0.022919870413308917
0 0.6441332268426575 0.6768826033430908 0.04073508794672147 0.022106804156530303
0 0.6256723869187697 0.6457325972929666 0.04068600840295709 0.04007100897699054
0 0.6285546477931845 0.6972905521134267 0.04304700444862419 0.021339189695149585
0 0.12801354794628397 0.22665288270994904 0.046617673421985015 0.03229487041330899
0 0.6618128167665454 0.7080371545727548 0.036797004448624195 0.02130282825883114
0 0.468966153193211 0.3286001603282914 0.019974260380123354 0.04932328912941557
0 0.0967251027754691 0.09164662363476275 0.04730342292769343 0.0299556655928487
0 0.08784219269935693 0.12295571096878026 0.03063984634967847 0.06188237646343313
0 0.1816969634596036 0.22087051532170224 0.016672846843970034 0.06414431323171658