0 0.06804925032920442 0.6232246683734992 0.03079902210332377 0.12034259207925721
0 0.5457473191464581 0.9694758550216754 0.022949418184115444 0.06104828995664917
0 0.8393428917911425 0.835831499223541 0.027089000395711337 0.15366332629424165
0 0.07849134217421876 0.4460097209902177 0.0274694336235217 0.11312933155591356
0 0.973429420624891 0.5925049754048434 0.028128663169550448 0.13578558155591375
0 0.03759956921296517 0.4880838289250777 0.028637128529814492 0.1264560841867496
0 0.5139290178136746 0.9560885537203749 0.021705166930474286 0.08782289255925022
0 0.53368993685572 0.8921222126741869 0.025071859329484525 0.1379473210325699
0 0.41305683960042927 0.9450908695618601 0.03962009263643722 0.1098182608762798
1 0.5705881947732788 0.9679170254035953 0.018997704077492728 0.06416594919280953
0 0.624979897267926 0.4645803125753648 0.02596075791755883 0.08808382892507768
1 0.8505327928864993 0.7647300439477519 0.01738973997087001 0.08836454998588258
0 0.588042186922227 0.4281121915569123 0.04513430674305994 0.13053663943430394