0 0.2390045721686877 0.35006635628614957 0.021061670801998923 0.06734795228399211
1 0.22334318486513477 0.350028734734852 0.013084350909622877 0.046666960085908295
0 0.36765826509659316 0.3286151594292243 0.0363035270883052 0.04320776741285455
0 0.036847066792004245 0.26820444538658716 0.04665883023145836 0.03128097749876284
0 0.28142535856261786 0.3977126402073475 0.017191808105551855 0.06792448439616772
0 0.04828752688341744 0.3588670669378847 0.04175300641014079 0.02634781603337357
1 0.27170791025802893 0.35412973654387436 0.019062523159363742 0.05789106512886235
0 0.6830414782883782 0.1485712918346557 0.04100814371369381 0.027088122455808696
0 0.33725151943981935 0.49383404567984285 0.016665269230422376 0.07335229081860284
1 0.05719595409555717 0.26848772840327395 0.02320205955329393 0.012906113749381377
1 0.6968492671635078 0.15477702623082346 0.024274407981717337 0.019197057326946255