1 0.7025817792294597 0.13619080054108296 0.0225796936526514 0.025365170171816498
0 0.6827239202956866 0.11950126752439619 0.03818196159934004 0.02540279172311406
0 0.9405340717867545 0.05242106738811062 0.040806856426490866 0.00837906603337355
0 0.029424109395991604 0.33329717887824384 0.040585547571859816 0.054390928878243726
0 0.3492937108744244 0.7686669493433161 0.040335494985435004 0.04579717887824373
1 0.3402884354058883 0.7016874892574079 0.013750262932123735 0.04362384724103805
1 0.0497904336900287 0.35940265547249545 0.007440426959604141 0.014430992198083904
0 0.3330382250601894 0.7357349406368888 0.03337244114536908 0.047772436680159916
0 0.6720685989711503 0.43191938036926647 0.025809993731793844 0.05595675090451113
1 0.6866994003039338 0.4131251147654342 0.015571175705962937 0.025777927973732594
0 0.013780040512230838 0.41274233943912186 0.027560081024461676 0.034859678878243726
0 0.28789086111185125 0.6739033259829963 0.022176528371529967 0.06512703301668665
0 0.32763532271119145 0.65251300486124 0.03856840650563296 0.03868404172311415
1 0.2788568419115213 0.6616932530522177 0.015449155251991798 0.04839323439616763