0 0.7783678766199101 0.5376059956257379 0.04204717816533297 0.03840592539915129
0 0.782318991068251 0.495609496614321 0.042060814934808025 0.039187175399151286
0 0.6607849103051302 0.5101747209111585 0.05212160754848192 0.03413226087441501
0 0.7477530762955986 0.48327132269804435 0.028434691558013724 0.0636141724334017
0 0.17856234009202102 0.7926543680985083 0.04839263555165916 0.04412934338392897
0 0.5827241400125908 0.5553970376033417 0.04360967816533297 0.03846959239534584
0 0.5808189464259822 0.4015226211014388 0.04509035754848192 0.03384575939154004
0 0.366401484979171 0.6855461581361268 0.039757975243233636 0.04143542490485981
0 0.22395093221922746 0.70940812798434 0.04037558400953163 0.03209225840295708
0 0.7153672702892442 0.46165364927605934 0.03446650324641087 0.05136884041817939
0 0.9529358595770768 0.16217886718428723 0.03475682954530477 0.023275673916276628
0 0.2815646091667445 0.7898251398473382 0.023047762174864594 0.06807883794672147
0 0.05542266923028868 0.9835910914067625 0.024764220779006797 0.032236838441013306