0 0.403125 0.5109375 0.03828125 0.0359375
0 0.703125 0.74375 0.0296875 0.05546875
0 0.2203125 0.490625 0.0375 0.03984375
0 0.3265625 0.46796875 0.04921875 0.034375
0 0.2171875 0.453125 0.04453125 0.040625
0 0.24765625 0.44921875 0.0203125 0.05546875
0 0.80078125 0.7578125 0.04609375 0.04375
0 0.615625 0.65546875 0.0328125 0.028125
0 0.7625 0.67265625 0.034375 0.0234375
0 0.4015625 0.3609375 0.0421875 0.02890625
0 0.2765625 0.41484375 0.0421875 0.0484375
0 0.93125 0.9375 0.02578125 0.021875
0 0.76953125 0.7609375 0.05 0.0609375
0 0.96328125 0.98359375 0.0484375 0.0328125