0 0.40505163524403187 0.20862747156196307 0.02503233713762576 0.14054844365265157
0 0.14266124043383438 0.35409176959604133 0.02821642447164332 0.15079562186589685
1 0.37953400565734075 0.25318981380268885 0.012986334210759587 0.08395746285298138
0 0.7083862343837102 0.3877372761934519 0.020258478726369412 0.12556830133278352
0 0.7353032583878153 0.44944766600603747 0.02727609318774995 0.12342913981258548
0 0.5592235891807292 0.7958272578510519 0.030346551033272284 0.11414506802583091
0 0.9881919090517453 0.8583753512789117 0.0236161818965094 0.11019335391920819
0 0.15491281820168626 0.7145435362890887 0.021861885342227706 0.13264501543940616
1 0.10577081537301587 0.5920403989837857 0.03096871974937896 0.08682405007914226
0 0.5376485710303566 0.8467532603583342 0.0357925751355733 0.11039794239901042
0 0.7975179538385015 0.670752016164322 0.030414728726369588 0.1258638180258309
0 0.6542425932859459 0.07683922862159205 0.03973518657189175 0.11676160266556704