0 0.5922173139972087 0.3880799383776406 0.04834896879233561 0.03058161465389251
0 0.7978465162812007 0.3953214710556431 0.035839002713533574 0.07433493668015992
0 0.29081078075337924 0.8104583859119344 0.04538109905006031 0.0631484531885036
0 0.6787933011069098 0.47049961273332863 0.053653944482076096 0.027743219696846566
0 0.838993816710742 0.44800273575496413 0.047236848145549 0.039093477498762755
0 0.30714510967705155 0.7633819900503773 0.05644475180902227 0.0512626068519765
0 0.22473207937389822 0.8201885900049488 0.05175725180902226 0.051016945386587055
0 0.8350366570543752 0.4920802843754831 0.0466226944820761 0.02737472749876275
0 0.6076010538204433 0.5470864461795567 0.04764960594746537 0.03210317107632772
0 0.3720873569635181 0.6871227052246682 0.04506019448207601 0.027292840343633173
0 0.3044804551090673 0.7274854336279422 0.05315929952503016 0.03317102611928178
0 0.3457848857963334 0.813061085482393 0.04094258254171699 0.052787485300678935