0 0.5638155161379513 0.35278658710288147 0.03913809471009344 0.028997822188333355
0 0.5556782504941102 0.5058934033072913 0.04295333944842135 0.02752624116628475
0 0.7679955109468667 0.42371276368027716 0.045934126280124235 0.03851829255305574
0 0.630503216222656 0.4401761779085758 0.049157836817585475 0.02689046153100705
0 0.15981420071998914 0.7522852793509374 0.04707939732681177 0.044786476348645896
0 0.9765863448512675 0.09741910135183944 0.02539411312594453 0.03413926386770836
0 0.32840384797621375 0.6305524836637497 0.03753009207925739 0.02818020459715278
0 0.7609873767742346 0.46366561645381876 0.04993908681758548 0.026908645326597203
0 0.26579118493497356 0.7544997831506595 0.027585944681858442 0.05837619766329869
0 0.7395288767036474 0.39004693170829796 0.02703220783603797 0.06226426386770836
0 0.2343052374811049 0.6655106715434025 0.05003009207925739 0.02847114532659738
0 0.7230848293486007 0.4044731076201035 0.027532736775233248 0.07085801386770836
0 0.22362607173844165 0.7149112594993053 0.05101573940606911 0.07218477773541672