0 0.3565794533736345 0.2989294211519936 0.02576416335136287 0.13295340056573401
0 0.6153833833943153 0.4527685352205907 0.02421075401813546 0.1337255602066545
0 0.938248718730088 0.47261444437053174 0.03915450135263541 0.14240566861791085
0 0.12330825545031279 0.8623778010332723 0.03729200934913566 0.11661532825883114
0 0.20949482069540779 0.21292322257804938 0.019368712682999244 0.12041703912941557
0 0.15258667544554028 0.827394267855785 0.028689168682362886 0.11578408128389342
0 0.2347755366804539 0.10292150868240287 0.02570961935072642 0.12826590056573411
0 0.901170720798812 0.9759782553627531 0.03343066534054486 0.048043489274493825
0 0.31849458080040294 0.9860152889330239 0.023782945337363425 0.027969422133952194
0 0.028523561465584824 0.97421875 0.03497498400699968 0.0515625
0 0.29724628946526666 0.9728714003938913 0.02173918734086335 0.05425719921221735
1 0.9929344398671119 0.5565399924769379 0.014131120265776075 0.10636362948849509
1 0.2459499413589988 0.19048059601642037 0.021239748010817648 0.07980567466803504
1 0.6368953040658607 0.4888287550681655 0.01660679201145392 0.08446590359079628