0 0.7802365194784653 0.2774498031151501 0.02413870373287814 0.1303239974927175
0 0.5360659594149211 0.08132627553504305 0.025633019885502328 0.1264632115993402
0 0.05538434415250607 0.48613607680131954 0.02440175649282177 0.10065922954602886
0 0.11317529910320027 0.572780618962903 0.021399487418098318 0.10759955133278361
0 0.2975682954530476 0.21020274795493593 0.03244608157389965 0.11416780007914226
0 0.0720826948011292 0.5919541677884042 0.02464721834337482 0.11472172954602886
0 0.28098694724005646 0.025760537790465922 0.022130144480112968 0.051521075580931844
1 0.5583773360381266 0.10568977804232552 0.015153441558013547 0.06290917695960414
0 0.5277793157422919 0.6365366127612039 0.03373584618439622 0.09858826418576498
0 0.3404591789761119 0.15971100296950086 0.036479016639091456 0.07680419239901033
0 0.3674210994308071 0.13704038110360398 0.04381027556754517 0.09419628087881238
0 0.5115952081938098 0.6049600038274308 0.02603244034019756 0.10461094365265158
0 0.8646872061652149 0.503233401624082 0.04114892572970099 0.12066785266556704