0 0.6441477588958493 0.9123804152159185 0.022330918320799496 0.027544957195929243
1 0.6454020438420374 0.9022605525194713 0.013082196856846907 0.013082196856846907
0 0.23855930831494881 0.49262210938667816 0.016318512820281583 0.04909247146395277
0 0.6131653943373754 0.7034570254311662 0.04227954528527036 0.02067852708830529
0 0.27655161393930133 0.4669885626536658 0.014828787427387446 0.05058219685684691
0 0.4109244598865254 0.5069137034718754 0.03259633023145838 0.030361742142117266
0 0.2553636646012551 0.5184590173683956 0.01897047787409356 0.03908177067816432
0 0.1006226606723137 0.4955929439613628 0.04033605562435252 0.029163115177646404
0 0.79582372891206 0.8497627528909749 0.032977319892376046 0.021804379445670107
0 0.11946686001035993 0.4440133273359742 0.03352312944567006 0.03352312944567011
0 0.3353508792407823 0.38125442390237085 0.015156273159363742 0.057613446856846905
1 0.2279492940469252 0.48508143713693724 0.009449928659881835 0.035520123035529136
0 0.6343191104246447 0.6191012961093307 0.025727746071058634 0.016789393713693812
0 0.6685462913608381 0.9432686962331651 0.02334760876750579 0.01589898180303493
1 0.6288267816409284 0.7034035215022247 0.011519696856846905 0.013009422249741043
1 0.6497450572814916 0.6072926548768363 0.018514559553294063 0.012555657981717516