0 0.7615128087233713 0.6546875 0.04443204627913566 0.01953125
0 0.7559151170682247 0.45703125 0.043196928493120804 0.02890625
0 0.7525792967424719 0.5078125 0.04812996515360979 0.0359375
0 0.7225569800449161 0.47265625 0.046912205534962934 0.0234375
0 0.7213689583605517 0.66328125 0.045758933302444224 0.03515625
0 0.2163119584453697 0.33828125 0.04325149219545175 0.03046875
0 0.7429637053653269 0.6265625 0.04049851442797028 0.01875
0 0.5557464806778883 0.35 0.018988102176918174 0.0515625
0 0.1169097030878921 0.1421875 0.04551339664195542 0.028125
0 0.24190718077055556 0.45546875 0.042978673683797375 0.02265625
0 0.720443864621154 0.62265625 0.030007447730414683 0.05390625
0 0.17529014356191253 0.26015625 0.03464038402808365 0.05234375
0 0.16418151797134933 0.2203125 0.051227683302444225 0.03515625
0 0.4092707847615723 0.3609375 0.04053571996293304 0.0421875
0 0.13227924274360586 0.171875 0.03918155108845909 0.02578125