0 0.3538987222834618 0.4117919239901033 0.03995737948849527 0.020690584718878212
0 0.8782735710303566 0.8566644356020788 0.020635207747326235 0.05605978338609461
0 0.35946694535249046 0.294786280416594 0.03067782825883114 0.036824050079142266
0 0.3350396379745063 0.3924963547106311 0.03605567466803503 0.021358174452321688
0 0.3479027314568439 0.3210077996169239 0.029151689695149675 0.04302858597251955
0 0.8464781494855795 0.762005153469625 0.03774543969514958 0.043278638558944316
0 0.7903508693331543 0.7814621956312087 0.01906361738824671 0.05445181927947225
0 0.7381252940011894 0.8002516480593489 0.03932612041330898 0.04644910266556721
0 0.3284714754067197 0.33762699828414033 0.0307005541565303 0.040730300079142266
0 0.7368860226293631 0.9828835839432497 0.029964755951928268 0.03423283211350068
0 0.4896327309658647 0.6492955871596539 0.012818162567786473 0.05505121285298138
0 0.3602896228491958 0.436192530416594 0.035319876463433174 0.029147942399010418
0 0.5659230410743232 0.7390005963308539 0.02999657220870695 0.05398881802583091
0 0.33597542407885983 0.4190815867639424 0.03370737948849527 0.0205087282923877
0 0.7836064865250095 0.9648286250980952 0.03219942164297294 0.029838264185764983
0 0.8125929871141846 0.5766754072305489 0.019890319183645033 0.0622870513327836