0 0.3335688911148418 0.4298356873806341 0.04529514183263199 0.022393168006045273
0 0.8965871800527655 0.9139247121259941 0.024784234390903492 0.06120112933640911
0 0.34591017840830285 0.3002390940483614 0.035766374409436794 0.04024373933799978
0 0.31399300109630834 0.4085055800445434 0.040634923683797376 0.023119874005408825
0 0.33083824991518196 0.3289817120464524 0.034449411069925696 0.04725680800445442
0 0.8658679481089326 0.8088372227879944 0.043043161069925874 0.047356805338954186
0 0.8025222107228043 0.8323287194461766 0.02319445253973811 0.06040169800286357
0 0.7431372870390069 0.8543031694382224 0.04471478847458741 0.05049998667249973
0 0.30908973548721175 0.3474862640435889 0.03590278366526398 0.04414998933799978
0 0.47373006652791966 0.6909470047342242 0.01619048439090349 0.06110113200190899
0 0.33967255817521724 0.4564800033815887 0.04015377404661713 0.03170453333863606
0 0.5555033669834066 0.7888128874124509 0.03488592068857255 0.059756808004454244
0 0.3137648226031875 0.4374209207113161 0.03826389183263199 0.02231135200509051
0 0.8370510112631093 0.6045128021164492 0.023494552902557687 0.06899544800286357