0 0.273430131750649 0.5382004785299778 0.04295139183263199 0.022120439695149586
0 0.47543163056952265 0.6190469993126289 0.03175099700477517 0.03689601200205246
0 0.7867337183184706 0.6536639355899331 0.04308780108845909 0.026026689695149586
0 0.635198500169636 0.6535634207592101 0.0402083377489479 0.03303975897699054
0 0.3063691173226787 0.5196459212501894 0.046130955534962846 0.023701120413308983
0 0.29731403193598344 0.32744478571157004 0.04096230589778251 0.0322630541565303
0 0.25044895561978087 0.3498237797596417 0.04144345553496285 0.023673849336070064
0 0.27012159327606156 0.488191388170898 0.0454042692372937 0.025259075233769225
0 0.7824876732204613 0.5544406404103933 0.043497028855940555 0.03774543969514958
0 0.9141022940865191 0.8340559384186035 0.03457589664195524 0.028320442720211857
0 0.7616171564302383 0.6949156494855796 0.03412202885594055 0.03769089754067192
0 0.27400550670824 0.37573683996629614 0.039826391832631994 0.022102258976990453
0 0.9045536792957289 0.8066621914436656 0.04260665145127902 0.03461589451560983
0 0.8577307537978331 0.7407781162098964 0.0344047710513923 0.06815510236113216