0 0.37734375 0.6515625 0.02734375 0.0421875
0 0.37734375 0.5109375 0.0265625 0.04296875
0 0.365625 0.53203125 0.03046875 0.03671875
0 0.36640625 0.59140625 0.03828125 0.01953125
0 0.36875 0.61875 0.0328125 0.03515625
0 0.3578125 0.64375 0.02578125 0.0453125
0 0.34296875 0.53984375 0.03359375 0.02421875
0 0.5890625 0.925 0.01640625 0.05390625
0 0.503125 0.9125 0.0265625 0.03515625
0 0.83359375 0.96796875 0.0328125 0.0234375
0 0.775 0.98203125 0.0296875 0.03515625
0 0.76171875 0.71640625 0.02734375 0.0515625