0 0.6180921879376392 0.45574794672723246 0.028679530673136 0.04781987646343318
0 0.6032291619191856 0.5917627147794093 0.03854487933640911 0.0228789637974506
0 0.5978251412715029 0.4519598713952676 0.03257669000636341 0.04706135236113216
0 0.6074995859325486 0.4933070340612501 0.03643748667249973 0.04317782825883114
0 0.5937001679265034 0.5379155521134268 0.04400453866963616 0.022129530054229286
0 0.5913285985837311 0.6074558924725064 0.035565330004772376 0.03536078307929138
0 0.12727902064768268 0.13909379537593153 0.04180623933799978 0.03461589451560987
0 0.09472160665977306 0.05022673809614332 0.025046000676317747 0.07123465056573408
0 0.3659228026336833 0.2408234252572102 0.035710780673136086 0.04786078307929138
0 0.6217609859166402 0.6104036304704538 0.030832376670909056 0.03142726200205246
0 0.45550347063972846 0.195774024789672 0.031613626670909056 0.03143180718159235
0 0.15042671399586383 0.02959153034881689 0.043477827339272454 0.04399998487468949
0 0.18691764998409166 0.11609211173090606 0.02097611867440872 0.057149424668035034
0 0.18927793929027473 0.3160648406536672 0.02508236334340861 0.07435965056573401