0 0.7815180305717163 0.6876481592020818 0.03179778114037006 0.1490073880596409
0 0.45160762646428426 0.21469982360814707 0.03114652372599629 0.11389208163720585
0 0.5140400760093613 0.8537014478729781 0.02816344517081486 0.13634361374938136
0 0.799002596806789 0.373831320667471 0.03250077669174587 0.12799552521477064
0 0.22589011308123036 0.6624435255534549 0.023062109695551315 0.1259417022839921
0 0.43821894711080017 0.2742828635222388 0.028548105741218598 0.10751925090451113
0 0.011140123631402873 0.26504514586155703 0.022280247262805745 0.10830050090451113
0 0.18043432752941707 0.4330149751239136 0.028961941216482146 0.11767550090451113
0 0.24209343323345464 0.7259261714150119 0.02546952669174569 0.12762703301668665
1 0.5416530814465688 0.8293122795101837 0.019158518288788784 0.08753762155129756
0 0.2598553003061988 0.9542448439616777 0.038704355741218596 0.09151031207664459
1 0.8060245765408339 0.4704982807533792 0.01890385030401127 0.08128762155129757