0 0.1734375 0.38046875 0.02421875 0.1359375
0 0.41328125 0.25546875 0.02109375 0.1265625
0 0.70078125 0.42421875 0.02265625 0.11640625
0 0.5640625 0.78671875 0.02578125 0.10390625
0 0.728125 0.47734375 0.0265625 0.1125
0 0.64765625 0.12578125 0.02421875 0.11796875
0 0.54375 0.82578125 0.0328125 0.09609375
1 0.3875 0.3 0.0171875 0.075
0 0.9875 0.725 0.02421875 0.1046875
0 0.1859375 0.721875 0.021875 0.11484375
0 0.79375 0.0296875 0.01953125 0.0578125
0 0.96484375 0.8421875 0.034375 0.10234375
0 0.78203125 0.66953125 0.03203125 0.11796875
1 0.1265625 0.603125 0.034375 0.084375