0 0.20081451722584345 0.7126029602257 0.054207338935304696 0.02748980032431163
0 0.7799886585560565 0.44751689163414865 0.04352450692008212 0.033548885551659066
0 0.9177684787454616 0.11687263798070058 0.031391921444818394 0.02318808400953163
0 0.1941307771116752 0.6655779557614732 0.044832338935304694 0.027326159090609536
0 0.7772655651721274 0.4951595048646734 0.031516596843970034 0.06456706047058133
0 0.612980230685447 0.4977645332748876 0.044242089923887916 0.03200002232113448
0 0.74677956912646 0.4758640340856665 0.020579096843970034 0.06437614569792878
0 0.6909924841454881 0.4827083234529296 0.04712700939154004 0.045322182629560004
0 0.7065166664647218 0.4087077617645322 0.02904551285158128 0.06140115016215582
0 0.16732158490660987 0.7862898762161683 0.059276840912471006 0.0369466209411625
0 0.6165256778334283 0.3531923729664622 0.038550505437207505 0.026435814934808198
0 0.014304967719588146 0.9187051355516592 0.028609935439176292 0.03908581939903506
0 0.16771817433620612 0.7573699894466932 0.05009284190105419 0.04147047970746058