0 0.6466405523541645 0.9490748069092728 0.07700291327441171 0.05571677586071573
0 0.6100567576903744 0.6353049727885219 0.047114017412854634 0.03595734736759475
0 0.6184800893275803 0.6084969361280331 0.05233710594746519 0.03146082032575279
0 0.5918700016974807 0.5805728327699885 0.04822613805964089 0.027418161069925694
0 0.5729905269122513 0.5539384109002896 0.028902927973732596 0.01582589664195542
0 0.6012793012225108 0.5498312642583343 0.047028808231457477 0.04921131551642936
0 0.6168600356186785 0.5352504090861911 0.05122498530067894 0.04000000662342203
0 0.6256109158764034 0.5021923724257024 0.045630082541716986 0.052281751814098595
0 0.6095665140219525 0.46610110500250707 0.05550304952503016 0.032351197730414685
0 0.5689448360482199 0.48233622941194393 0.02555992198083885 0.071076391832632
0 0.5552607943251059 0.5202454571794254 0.03358046189493056 0.06043899219545175