0 0.36171875 0.54453125 0.03046875 0.0484375
0 0.340625 0.5375 0.025 0.05
0 0.3640625 0.39921875 0.028125 0.05
0 0.35078125 0.41484375 0.034375 0.03828125
0 0.85625 0.9484375 0.01875 0.06640625
0 0.35390625 0.50625 0.03515625 0.04609375
0 0.58125 0.7859375 0.0234375 0.059375
0 0.32578125 0.4125 0.0265625 0.02421875
0 0.35703125 0.471875 0.04140625 0.02109375
0 0.4984375 0.81171875 0.03203125 0.02265625
0 0.75390625 0.6390625 0.01640625 0.0640625
0 0.82421875 0.8609375 0.03984375 0.0375
0 0.77265625 0.88125 0.01328125 0.0671875
0 0.78125 0.9453125 0.0421875 0.0328125