0 0.2554940784693871 0.8017459119332786 0.02957903663473136 0.11759660308425524
0 0.19867759667521115 0.21000842532595923 0.028674955902036725 0.11523921631477992
0 0.21276335085908263 0.10576125608907996 0.030070359565509897 0.1269716030842551
0 0.27376272161741066 0.747471469157449 0.027276230212296238 0.11833694277582954
0 0.6132092446844747 0.4952275361241473 0.029698545341158678 0.13477046631478
0 0.8765181501569701 0.5508427418889157 0.03787953753924249 0.14193808400953162
1 0.23051409486618885 0.16097090746905174 0.019961697195609494 0.0979153486200282
0 0.3414559961548128 0.3232469906678045 0.027150077453334198 0.13082330600635447
1 0.6391852464934971 0.5432559330398922 0.017167567842395925 0.08928068831160267
0 0.8704650604907055 0.9575700288205468 0.027166687584671223 0.056672739853730295
0 0.1809145595861945 0.9453652727281714 0.055486439393693396 0.10556025324641069
0 0.403069520576614 0.9766759537361736 0.07133276741285463 0.03558867248328994