0 0.4921875 0.70703125 0.01640625 0.05
0 0.3609375 0.37109375 0.02734375 0.0375
0 0.37421875 0.34921875 0.0265625 0.0390625
0 0.3546875 0.43515625 0.0359375 0.01875
0 0.740625 0.8390625 0.0359375 0.05078125
0 0.36875 0.4515625 0.034375 0.0171875
0 0.771875 0.79765625 0.0203125 0.05
0 0.33984375 0.38515625 0.02578125 0.0359375
0 0.85546875 0.8609375 0.025 0.05234375
0 0.740625 0.971875 0.028125 0.0375
0 0.5796875 0.7671875 0.0375 0.02265625
0 0.82109375 0.778125 0.03359375 0.034375
0 0.3546875 0.4671875 0.0296875 0.0265625
0 0.784375 0.9734375 0.03671875 0.03203125
0 0.7796875 0.55 0.02578125 0.04765625
0 0.3765625 0.478125 0.03125 0.021875