0 0.9211122905319101 0.2187612703209571 0.023273015323039204 0.07324728338609487
1 0.6190722184397005 0.6578786284633076 0.02676808844101295 0.024968907759274118
0 0.643401056386422 0.6804355900626478 0.041580004942915846 0.02461956677218957
1 0.9099492974519924 0.25121005746797564 0.007236838441012949 0.02440060642649069
1 0.2921635726608633 0.35262386097883724 0.011765170950527093 0.02063074874635875
0 0.30600057958094556 0.3858000738318187 0.02631976087441492 0.052267193652651575
0 0.3186836744105682 0.04594796364440427 0.03992200444862428 0.022230352665567034
1 0.3007321704562355 0.026697858471554776 0.027644838935304606 0.027335389812585577
0 0.6512016275272294 0.6229186067556951 0.016672846843970034 0.0644716769596041
0 0.9726840607978652 0.3162416755729489 0.04014483893530496 0.027699102665567032
0 0.6257015618236295 0.7056712707831755 0.04170733893530461 0.027744566772189748
1 0.6805044669568258 0.6526432106749034 0.014378176387734597 0.04645746285298138
0 0.6767401384016445 0.6751630683550353 0.021328513345872935 0.06382681927947224