0 0.2270472631174414 0.5065902664331595 0.045800500904511134 0.025255226348645722
0 0.2660621754873418 0.4768111942448261 0.045800500904511134 0.025255226348645722
0 0.23184762777133394 0.4596607150463887 0.043415807326946255 0.02441942496187508
0 0.2521247489839472 0.6683083632227775 0.0393834045679843 0.036810322188333446
0 0.20668277419871783 0.6420556409581943 0.0434976944820761 0.02598192496187508
0 0.22846924299105337 0.613457862272847 0.039714275214770646 0.0282347559839236
0 0.2537624920865422 0.6370583632227775 0.03522817107632772 0.04685746941479181
0 0.7330560029406761 0.33563218864215216 0.04267550090451113 0.025182491166284748
0 0.738299023632891 0.42914579929947855 0.04600189676606821 0.043987042553055564
0 0.8718739207376434 0.15839492857416593 0.03909679952502998 0.031341572188333354
0 0.5972003900958058 0.33723366907486063 0.04288021879233561 0.029088741166284748
0 0.7150363432843092 0.2923549673274994 0.042508404567984215 0.03688305737069451
0 0.7816406671195988 0.2572519622935063 0.038022300429541286 0.055505770801562535
0 0.43322974332973774 0.38396646476204827 0.03477779172311415 0.03826371941479163
0 0.20346151967616208 0.7630766557758332 0.018661468792335524 0.028525043502986236
0 0.8068044414298583 0.2535450808346174 0.02625928482570892 0.06927733007211803
0 0.8605303069882619 0.18128756791683956 0.04382524310259513 0.03223192496187503