0 0.4976155085932761 0.534761519931594 0.016252256007317813 0.05408806333545435
0 0.5165751412715028 0.4493961845958214 0.015498278007635946 0.05642272266868176
0 0.5328626652610033 0.5265399399268216 0.01623407467377245 0.05252556333545435
0 0.47973766526100337 0.5271581052673666 0.013926687340863353 0.055623291335136216
0 0.6035506193109557 0.15779848325114015 0.01878691000954511 0.07052158533577262
0 0.5121234512651395 0.4963166379296851 0.020140324673772268 0.05257101666931803
0 0.5401131859484569 0.3733513052594125 0.013163618674408717 0.057176700668363625
0 0.5150319172899566 0.31349504726291233 0.022293170671545147 0.03619203866963625
0 0.5296574912874112 0.33207232459423064 0.019468162675045163 0.06193692600254534
0 0.6112369446610457 0.034288257916958366 0.030332937340863352 0.05581419533736345
0 0.5473524265993213 0.48965755792491256 0.014735209341181488 0.057976132001908987