0 0.3586004312934694 0.323617744539051 0.029621174410568153 0.036882376463433175
0 0.46501893867066213 0.6830694917103806 0.01938401136870649 0.05400624394987581
0 0.34517725984865066 0.34634671741168793 0.03118367441056815 0.036891466822512695
0 0.348834159050348 0.4291183107958297 0.03904525395433271 0.0189727137974506
0 0.7087941604960417 0.8152133294371815 0.036380510380123354 0.04941873789975162
0 0.321134923384804 0.3613268227978822 0.025619423916276585 0.03451590056573402
0 0.5490955083285949 0.7474087267814618 0.03761008794672147 0.022088623438370904
0 0.3338458290122919 0.4135842143866258 0.036765170950527094 0.020521578258831143
0 0.7986498393552341 0.7568917693287229 0.035807507414373774 0.03535623789975162
0 0.7463233354009015 0.7759417511783504 0.023322094866803766 0.05481021984757497
0 0.8303680715607371 0.8410622362494315 0.025665844866803768 0.054823855386194255
0 0.7028731298499633 0.9605258294371815 0.029812175399151285 0.04156987646343282
0 0.7469414648309352 0.9524587993829522 0.03529817144481875 0.02285623789975162
0 0.7695048033091293 0.5328957331261737 0.021137512357289622 0.05870283430895533
0 0.3303560730807928 0.44172284992524524 0.028171420950527094 0.020471581283893238
0 0.35256665410743204 0.45252853971859075 0.0354573389353046 0.02676248789975162