0 0.7438616793864442 0.4815604921031641 0.045844334009531626 0.030732370413308986
0 0.7595839111224997 0.3416394740509873 0.044104556006354476 0.020567030054229284
0 0.7199447126646272 0.33015252820751756 0.04435001785690744 0.034629530054229286
0 0.7104355247600616 0.516907639643836 0.04646194277582971 0.021361915592848744
0 0.7414400629095086 0.5307883324622437 0.04339148985373029 0.024468734874689525
0 0.21910932102718342 0.6494404220357565 0.04266478693163096 0.027589189695149584
0 0.1562217629922341 0.7615136960398615 0.04592615462638263 0.03541987041330898
0 0.7411515109603439 0.3683065131804029 0.03549716923687925 0.01973578307929138
0 0.10651604343104329 0.8344517471713295 0.04038922077900682 0.031481804156530305
0 0.24057699229265755 0.5383892925472612 0.04420001339268058 0.026035780054229286
0 0.39443660349458753 0.6296723018188393 0.038181838473758486 0.03928066861791084
0 0.25758543993975114 0.682806913058766 0.021253437093786687 0.05402442466803503
0 0.17558541761861673 0.726248361730906 0.02662672970746054 0.048587490924813716
0 0.5436826270335378 0.6272416725267357 0.02033581939903506 0.04620737948849527
0 0.7185225344992943 0.3668758233870574 0.022665932629559828 0.045439765027114734
0 0.11873935390162457 0.8054773194782324 0.037318767856907485 0.034588623438371255
0 0.7613976014626973 0.23773322405098735 0.02857501339268076 0.025944876463433176