0 0.1794762252944109 0.2973663656156063 0.05657726400381802 0.03140118942018653
0 0.7784200659214127 0.6246363939901041 0.04571248933799978 0.03701415258848364
0 0.9063332438733696 0.9862325886013753 0.032303970003181345 0.02530310786427279
0 0.16951942262095665 0.3468203340455752 0.04642101400381802 0.03080965521931951
0 0.7782206185948669 0.5745908913592682 0.0312596380092268 0.06974335260260105
0 0.6040745939290486 0.5581938046828571 0.04648464867122719 0.03627840521931951
0 0.7451808519255488 0.5922110308641594 0.020322138009226977 0.06910631577089817
0 0.6866780085932762 0.580985833551465 0.048982940006363405 0.04969616311182747
0 0.6982689419160039 0.6598388756448399 0.0288704346753633 0.06570059471009344
0 0.14835404197168311 0.21737575775133341 0.06138294267186337 0.0418304552052021
0 0.5999399825748224 0.7119635467903492 0.04016192333704538 0.029664384172632195
0 0.14643700596754694 0.2477535024896616 0.05206248667249973 0.04597192363517104