0 0.7815960761580855 0.7693549354656384 0.028117024220287768 0.11525285308425523
0 0.7837568705699662 0.19011744885831897 0.027240273725996113 0.11289546631477991
0 0.7600872658173309 0.08821402962143972 0.027717776197454212 0.12461421631477991
0 0.7591507317855732 0.716656629459284 0.025805107718385047 0.11599319277582953
0 0.4047829308735399 0.469236564120734 0.027223027680328825 0.13163182954530478
0 0.15251477672892677 0.5241659772718286 0.035322029163203615 0.13879944724005638
1 0.7474400271860373 0.14186118100141148 0.01875927026595505 0.0963528486200282
0 0.6547789777940596 0.3010668112780649 0.02472011018984297 0.12768466923687924
1 0.3840685242574688 0.516497347805954 0.016033518288788785 0.08693693831160268
0 0.19554978269760687 0.9465807195611908 0.0278941897336074 0.10683856087761825
0 0.8694992772603994 0.9298949539339253 0.056016531140370064 0.14021009213214947
0 0.6545892016709676 0.9615215999371319 0.07150226828878878 0.07695680012573618