0 0.8620250168802761 0.8799304254455403 0.026525349315427958 0.07605397000318134
0 0.5264430721665717 0.34815097740290585 0.03965009041817939 0.034039192671863464
0 0.1832474649796594 0.6260550646880899 0.0288545118629981 0.05655908267027261
1 0.8483962569944443 0.8329190654439496 0.009325920456235436 0.018068747334499945
1 0.5604997371855998 0.34073846674090563 0.01697659437251211 0.05251647266868176
1 0.16770071942828368 0.6469579106858628 0.018125258897248565 0.042378404002227296
0 0.5294380795809456 0.3833254087364513 0.03998567144481875 0.023110783338636053
1 0.5024153231551549 0.3525566667329515 0.031614755931499164 0.028479536004136108
0 0.508445147261712 0.30889757340067875 0.0432380054372075 0.02627214600572696
0 0.5555748152464896 0.31569301340704203 0.02311384783255317 0.06898635733609079
0 0.915875575663794 0.7642059754534944 0.03197951186299797 0.05659544533736351