0 0.45873517077339054 0.36103716078802073 0.043869051088459086 0.028033146766068207
0 0.2718080896478645 0.3872698694035909 0.031225207349061358 0.0679211623699004
0 0.7661980182258035 0.7159139320460625 0.04021826143274545 0.05747498530067894
0 0.3865179195922642 0.44465524423424885 0.048447423683797376 0.025153808231457474
0 0.2383978781224519 0.4391123303940104 0.04257936960011346 0.03576375961093845
0 0.7483185482628703 0.6745862471749249 0.050773815516429364 0.047110695386587055
0 0.8273537730351268 0.7189703329960022 0.046867565516429364 0.046905977498762755
0 0.24528528438305414 0.4794507253510562 0.04219742368379738 0.02482625961093845
0 0.4567783450901601 0.5067181529861046 0.04314236479078985 0.02955470318850324
0 0.6827456227649743 0.6122776769576799 0.040634923683797376 0.024744372455808517
0 0.7471727105139223 0.6417737471749249 0.047857146641955416 0.030581614653892687
0 0.03503474282842387 0.15156914405253472 0.01698909255827139 0.03988137155129752
0 0.7163889911839613 0.7240030710102145 0.036765879218760136 0.04793621099041943