0 0.3705242458661708 0.36316551013419446 0.03205267473094038 0.05216396753501131
0 0.3804600179920773 0.40090095058090053 0.03957407630251693 0.04627784057054054
0 0.38801565281443084 0.4395268029382654 0.04402398180303493 0.02465755169541097
0 0.39190909429459425 0.3559330529382653 0.03354240012383443 0.05067424214211709
0 0.6372730599675787 0.10907936187238673 0.033197797766469604 0.06001285483856424
0 0.5516288124487781 0.07331098987031477 0.03546661910658777 0.02503854135632886
0 0.38772024628045554 0.5128187537240537 0.03414171360606986 0.046804379445670105
0 0.3557981581911143 0.5119668831697237 0.03526756596343468 0.037502154052775974
0 0.37669285504796124 0.4985208132773476 0.038991879445670105 0.03377784057054054
0 0.8106848271310865 0.21871541935876607 0.023696519230422198 0.07360231989237613
0 0.8907127371797184 0.011477241162136392 0.03891910483856407 0.022954482324272784
0 0.8376070078578829 0.011660254706289003 0.015374596980681332 0.023320509412578006