0 0.5630411694676523 0.023099724022122393 0.013582338935304606 0.02678068831160272
0 0.19991772285114376 0.2697063482129911 0.0350899244105682 0.037305131087432386
0 0.29394358996106884 0.4313899163942102 0.021825920456235437 0.018336942775829534
0 0.07469884144394363 0.43458923417168743 0.010043503460041103 0.016569891233702096
0 0.2277853962731288 0.30220124837514695 0.014299921939110227 0.025231825081077908
0 0.21584381178644838 0.2965279468330194 0.012546420950527094 0.02051705154212762
0 0.27382209094965204 0.4357228603878557 0.012450920456235526 0.018173301542127616
0 0.5464465074515548 0.4397008429346901 0.01460366946765248 0.013526711850553142
0 0.4992704185162502 0.41233377353565503 0.014635502965749581 0.014307961850553141
0 0.4182578404553604 0.43590191274076223 0.013136669961943782 0.015843188311602675
0 0.3366722594287212 0.44540755194586945 0.01675641847906917 0.008880122158978664