0 0.87109375 0.32533810037837324 0.0265625 0.06123858893530461
1 0.1953125 0.05561462452429894 0.01796875 0.019482170456235504
0 0.81328125 0.20735742151918077 0.0296875 0.06839717292769346
0 0.515625 0.7163226087441492 0.03671875 0.03430867441056833
1 0.803125 0.24913108604391723 0.0078125 0.016724584980971978
1 0.4890625 0.7082090198088447 0.01796875 0.017919670456235437
1 0.54765625 0.7348152821661342 0.01171875 0.051258752471457926
0 0.17421875 0.4336613700756747 0.028125 0.05427100593149916
1 0.159375 0.413525283611828 0.01640625 0.03660600346004124
0 0.2234375 0.05441688045579799 0.0390625 0.028935424904859786
0 0.5015625 0.7493433557783996 0.040625 0.026655341901054185
0 0.54296875 0.7557180311775511 0.01796875 0.06713842045623544
0 0.51796875 0.6796993592384408 0.0390625 0.02424792490485981