0 0.6976811088851582 0.44564906459411163 0.03151538402808356 0.05320756802583091
0 0.6881077014434297 0.48439331584775286 0.03986359736759475 0.04642637061225567
0 0.6786707032575281 0.5270438171013941 0.045322423683797554 0.023951977038746363
0 0.6804266654159129 0.5996773350480827 0.03832837921876013 0.047162156505632956
0 0.4293403035355299 0.2037042908414352 0.03544891587924894 0.0541024782923877
0 0.6764236677781656 0.44034779915470545 0.03450397477225664 0.04939224623907634
0 0.7109499791182439 0.602126385127225 0.035684528855940555 0.03850021034569906
0 0.6892560283926044 0.5843251196878189 0.040044646641955416 0.029261602665567033
0 0.17512154028868593 0.09796980172849493 0.04249752404661713 0.03245479882550106
0 0.5161483335725967 0.16408551286561673 0.03554811960011328 0.03459396034569897
0 0.23211558475372307 0.07621447367353414 0.01780754809323426 0.06295464106622681
0 0.14278770072563943 0.02132473370266398 0.024637901451278844 0.035056961599340214
0 0.25152781678237374 0.29686795447320424 0.02379465326537735 0.07795751543940614