0 0.5012945936545797 0.34168215426217297 0.019069947730414503 0.0547067706781645
0 0.44571671624991804 0.3473906528144309 0.022194947730414506 0.054852319892376135
0 0.48359866216623393 0.3347065622438903 0.018315979581580065 0.055451633374611474
0 0.4329289956540127 0.5125618885464072 0.012901793283910834 0.056759422249741044
0 0.46141114891939006 0.43401735752916054 0.02009673439090349 0.061774407981717336
0 0.46725441035213555 0.37836667101139587 0.02459326143274545 0.05652398180303493
0 0.4304265329474738 0.38320187427838354 0.022358638837406984 0.05953981989237613
0 0.45574644756077853 0.5738974948327135 0.019578379218760135 0.04693065798171734
0 0.3611457317741967 0.7366393974377473 0.020751498818873594 0.08052440798171734
0 0.3378024570946073 0.8913825554194649 0.029799116604888452 0.07158605562435269
0 0.4414756164352525 0.5581826036002191 0.015572925497895972 0.06624358416039974