0 0.3336771258742579 0.42489742933027796 0.016810770979043 0.0699131097073959
0 0.038574745894783394 0.7226750870059723 0.04248748184962738 0.05254442496187508
0 0.6963827007152436 0.7372045928929867 0.03152725595192827 0.04838360182361114
1 0.7140479654477707 0.9539927026003825 0.015089189695149585 0.04253299211621524
1 0.06348838748352702 0.7084132184648612 0.011846015027114642 0.02214775693385427
0 0.6970331822702833 0.9764646385817711 0.023787478824565333 0.04707072283645779
1 0.7160048543060398 0.7532841877827436 0.007103972872636888 0.012663654160312631
0 0.29187142095560187 0.489540504368403 0.011337475799503149 0.06900457313826394
1 0.2809839179305398 0.49787968123013915 0.00811702702916719 0.052525587955902786
0 0.37235783079291396 0.36018161910979196 0.03933521077238851 0.04778418977951393
0 0.028649779170466516 0.6279256314588889 0.036228391490547775 0.05083645459715278
0 0.3613844902374426 0.4880338621759378 0.029247138465485635 0.05926655043684033
1 0.33081120110802703 0.4693559441479169 0.012786346311007968 0.049509690729444424