0 0.6125088025772479 0.2934519953030255 0.02846691598794493 0.12705532366340586
0 0.8584564676606817 0.3809996850055607 0.03179663387576923 0.1311435841867496
1 0.6393069979638352 0.3412601637471118 0.014990914178922666 0.07798078683170288
0 0.2515192294193268 0.7321545344126286 0.029251488014212335 0.1123025789250777
0 0.4854139518297069 0.8439132688393745 0.02999511646291495 0.0967685841867496
0 0.2960051345531379 0.5642166055157857 0.02464587516934209 0.11359206314006212
0 0.21458147840327396 0.057245539674300384 0.02365990728151779 0.10964031050922626
0 0.31094405981333717 0.5053575450065594 0.02526335085908258 0.11051256577089816
0 0.8585781348918221 0.7571372507764589 0.027521891677685772 0.12388482103257008
0 0.4556478867008445 0.8291906161803038 0.03731297150586901 0.10264685786427279
0 0.3617198292623566 0.15838456349299804 0.02353375452255575 0.12209480787839037
0 0.06981660730220236 0.9284589289674301 0.03118580223856362 0.10462658681758548
1 0.924567225801282 0.595783250847046 0.026668720601357877 0.07788207629424182
1 0.24317014586155702 0.011958732347738263 0.01993404172311406 0.023917464695476526
0 0.25591248530067895 0.031125961301050865 0.020418720601357875 0.06225192260210173