0 0.09270930337784758 0.31084892029568656 0.04274744114536908 0.04729854882550102
1 0.35504914515635494 0.5933047529695009 0.015471887305303156 0.048846676959604096
1 0.4101374619285446 0.6323612412910183 0.02647758346523723 0.05150867570596276
0 0.7345856001582846 0.03961483399396255 0.03994905007914227 0.031605352665567035
1 0.7571880258642475 0.06397833650124503 0.022807014185764984 0.032667747492717544
0 0.41265470816762095 0.6651282771843957 0.018338474531464043 0.06688362311953817
1 0.7536839072970558 0.3197653352476038 0.020258675705962938 0.025568301332783518
0 0.08034334718878369 0.39643707930860206 0.03801447703874641 0.045599656505632954
0 0.74315558425666 0.33414608399396256 0.03594351167848266 0.054906460345698974
0 0.43483959672656525 0.7020145117449894 0.039023047571859946 0.053434888558944495
1 0.10908446113712181 0.33617552922945976 0.014789925705962891 0.025409176959604096
0 0.36393841184940234 0.6032109503830761 0.017534492478152686 0.06607964106622681
0 0.41368835926297753 0.5931623489711504 0.04132969365265158 0.02540081677218975