0 0.9415149738397268 0.29275065054802163 0.03317459733826169 0.06711541802802082
1 0.6200590568807136 0.6786452508530213 0.021713173916276675 0.034847778685347205
0 0.6870728019377977 0.6567897410693755 0.019925180836358792 0.06758754350298624
1 0.27499734140676263 0.04464557845659745 0.022670837452429815 0.020040396276527796
0 0.3020624960828483 0.38323595298163216 0.023449428859192524 0.05830346248093754
0 0.642362479808407 0.7088237133339588 0.039091674904859805 0.03993532218833344
1 0.9253779792769343 0.31813185704503544 0.017329421444818395 0.023038109707395903
0 0.295373508402957 0.046680857141944684 0.037943010380123356 0.050055204597152805
1 0.29013815764183526 0.35876262984336826 0.014650090418179395 0.03390287452503475
1 0.6926861319758538 0.6413102114340978 0.017535009885831697 0.04723867591180557
0 0.972886990645641 0.37309276718927165 0.04108525642579082 0.03139612357510417
0 0.6543266275272295 0.6193436392457644 0.030879926882026253 0.04911030043684032
0 0.6271022357399061 0.736566853626563 0.03843775889724856 0.04304213839274311