0 0.5596803319776414 0.4267396014083147 0.029397173701106106 0.028461354670590567
0 0.8674246481302657 0.4264150741167674 0.04038922077900686 0.03171362400540882
0 0.7378598790555422 0.43193727343249544 0.013236385551659246 0.04233295066836362
0 0.7015638689092724 0.4557287620941775 0.01167388555165907 0.04231476933481808
1 0.7489337467502939 0.4398770427673135 0.008303423701106104 0.02821590666772735
0 0.1599534728076017 0.12449256468808993 0.03318069277582962 0.02147555800445433
0 0.3300825608743231 0.3397101267106798 0.03952615016215581 0.027017033338636053
0 0.6475542532431156 0.5386770747533142 0.014921616476935639 0.04938238200190916
0 0.3505257000794303 0.257933415380316 0.04097955600635448 0.020785214672181595
0 0.8525633072208751 0.46998326078131286 0.031096041395857553 0.03629203600413611
0 0.2785886501621558 0.02979877737108917 0.022847164772652383 0.011201129336408955
0 0.30812219155801357 0.0660726320416799 0.01920001339268058 0.025999426002545345
1 0.31999449472169894 0.34349819804263443 0.019009098620028198 0.015061926002545346
0 0.7217985024323367 0.406755460097041 0.01697899431795715 0.03300340400222712