0 0.14528304667086359 0.17651652732375478 0.022447744317957152 0.03293976502711464
1 0.15697452313191324 0.17488584963065765 0.010538079545304769 0.021934087334017516
0 0.43502343100470675 0.2584331060735653 0.03479773985373029 0.02441873789975162
0 0.5024018457773591 0.26897972063314174 0.016197744317957154 0.03290340359079611
0 0.5411740194784652 0.2968820068356911 0.022969895697928778 0.018100560206654494
1 0.502470029624735 0.2728859706331418 0.010469895697928777 0.018027837334017516
0 0.7840354496723931 0.42360709153743004 0.016006829545304767 0.02196590359079629
0 0.6111025101429745 0.4535223713952676 0.006727286931630871 0.027380111436318445
0 0.388791133519769 0.4298132023845733 0.015157395697928955 0.018055108411256526
0 0.36468147767557035 0.4362041029503073 0.013540348620028198 0.01492101805217665
0 0.3049576501588605 0.5060898769544124 0.0166653486200282 0.01493919877033605
0 0.30749231493151286 0.5170137414157929 0.013499438311602673 0.01257726805217665
0 0.18331842937985368 0.47554437978308284 0.0120460324674041 0.018818177693097127
0 0.08439000567874758 0.4479920724050988 0.018995461850553053 0.014171584308955331