0 0.908105853146699 0.44960089121866975 0.053293692523820366 0.16541409437251212
0 0.601220048891973 0.4371114559708677 0.02734881606038684 0.1362385889353046
0 0.864699203268336 0.929381233119724 0.039467020979043 0.07112292490485964
0 0.3443438558771736 0.2866790103429423 0.042183475701307316 0.13528092539915137
0 0.22911935255752391 0.08829720155942446 0.03365790339440444 0.14664950692008222
0 0.30135432075477875 0.9632706852478021 0.02684430113146812 0.04951983893530461
0 0.27876170326833605 0.9532563566926207 0.023060770979043 0.07045442144481875
0 0.15853608256043955 0.8089717988976861 0.03276756908544902 0.12786767342198502
0 0.13176904948114815 0.8452103878329907 0.019504499803608244 0.13045150395433253
0 0.0318594321910972 0.9680032420913346 0.050354524004105096 0.06297484387822046
1 0.6213461965308408 0.46831503502034055 0.01850053600615755 0.09213842045623544
0 0.20576314490839334 0.20953287300424311 0.02180734318774995 0.12351575444862428
1 0.9693700851927183 0.5252110448689913 0.023864746876741803 0.07439250494291585
1 0.2387619972695255 0.17616461608416092 0.019195427594901292 0.07732650395433271