0 0.50546875 0.3625 0.0140625 0.053125
0 0.5296875 0.34140625 0.0140625 0.0515625
0 0.48359375 0.2984375 0.01015625 0.05
0 0.4640625 0.3078125 0.0109375 0.05390625
0 0.5171875 0.30390625 0.0140625 0.04765625
0 0.56640625 0.628125 0.02265625 0.05234375
0 0.50078125 0.4703125 0.015625 0.05234375
0 0.49921875 0.3265625 0.01171875 0.05
0 0.484375 0.49375 0.0109375 0.0484375
0 0.51484375 0.43046875 0.015625 0.05
0 0.678125 0.85234375 0.040625 0.03515625
0 0.56171875 0.7140625 0.01484375 0.0578125
0 0.52265625 0.95390625 0.03203125 0.03125