0 0.5319330212917193 0.510983244918928 0.017167595361095245 0.05746315901291545
0 0.5446983236494465 0.36465381419840026 0.015477761368706489 0.05429269490629283
0 0.518391786120467 0.5808183717993899 0.014728344866803767 0.05505121285298138
0 0.5042046107213155 0.5390484089464085 0.01641817885919252 0.0582216769596041
0 0.5583947036109529 0.5858839565182683 0.014728344866803767 0.05505121285298138
0 0.5775757851318837 0.5778585078510519 0.013293178859192522 0.058130748746358665
0 0.4448044585166877 0.21114471780103936 0.02702009783255317 0.06945469365265158
0 0.5278755795809456 0.3922559769722394 0.016672846843970034 0.0644716769596041
0 0.5132520054743885 0.4355286038527012 0.01716759536109542 0.05746315901291545
0 0.5390889466908707 0.5525486192921074 0.014106262357289623 0.05893473079967002
0 0.4474745192773719 0.10431805628084143 0.020801931330650447 0.07005408722616084