0 0.6999521453217266 0.7203555810555187 0.03296900889724874 0.04364299214211727
0 0.6884708172608369 0.7447733841986718 0.03199675790866543 0.03891910483856424
0 0.4527880548663662 0.2807514638109576 0.039441843383928976 0.04940284057054054
0 0.6907588760443548 0.6286946199306482 0.04060775395433271 0.020605752481199426
0 0.5420999056646689 0.3675665672017798 0.017885178364900868 0.05619649607105863
0 0.7225938078692968 0.7019159501621066 0.03215592539915128 0.04282535483856424
0 0.7102410465005903 0.6475366652159185 0.03757825444862419 0.022803953266987698
0 0.13361494912514757 0.15983738047912738 0.0250755958553869 0.06043023180303493
0 0.21809342539915139 0.05148553308416125 0.03936358893530469 0.028345477874093493
0 0.1697527203796858 0.26211050992479745 0.035471926387734554 0.04765840405277597
0 0.26664367193911026 0.037371683207995755 0.03169301038012336 0.05060146753501129
0 0.27286579152049334 0.20921029590444284 0.040254926882026164 0.05022047787409347
0 0.2263873809500896 0.2358969203877142 0.024326179353484002 0.061175094499482
0 0.7074052065767024 0.6162138906088126 0.0353936719391104 0.026601041356328813
0 0.2150346813678315 0.4739769631917851 0.01732676285158128 0.06162885876750561