0 0.18581282627239595 0.12571524594281022 0.038155269851632 0.062359678165332964
1 0.8011267421162153 0.0065559019913512305 0.016188697663298512 0.013111803982702461
0 0.7730017421162153 0.006718554690074444 0.04195176386770836 0.013437109380148887
1 0.5223062915062158 0.6810071233800898 0.034847778685347205 0.020912517856907443
1 0.20530836189159735 0.15741921347540613 0.010592661094166723 0.01892727800317724
0 0.8507351903481947 0.41970183604471706 0.03017911569131968 0.05519206047058134
1 0.8667413968452088 0.40222796388573856 0.02173018284565984 0.027711942775829713
0 0.48217356040791726 0.770024758931749 0.01415472539871523 0.07131193831160268
1 0.47615929654020894 0.7466827163180753 0.009103549486909657 0.05560511769475163
0 0.5068092312857297 0.7203559955390684 0.04453190321038196 0.03435740909060954
0 0.4948891531134727 0.6447520235422456 0.04035289627652787 0.022570475243233544
0 0.12754834422416686 0.24162266396187349 0.015626306420763923 0.06743296185055306
0 0.5015216660312506 0.6946565661559194 0.031523410144236055 0.045844334009531626