0 0.41054024737427086 0.29208874249746497 0.022575528683953648 0.12783471248093753
0 0.5601451841183582 0.859073607904444 0.02781701201463562 0.10843074905006951
0 0.16422032538986103 0.4126967556995832 0.02659995735199914 0.13808188145888883
0 0.9971981827160091 0.7557946458047561 0.0056036345679817854 0.10423355832062509
0 0.7920298887650864 0.7067616530229508 0.021585193348181164 0.1098477786853472
1 0.38217034671386146 0.3388552929343053 0.018823272676635926 0.0738557272985764
0 0.5847997387809947 0.8288042264455552 0.026245421347863028 0.10761313145888884
0 0.18485373543917696 0.7755961459921874 0.022539166016862833 0.12470971248093754
0 0.7174004167329515 0.47171581221725634 0.027944281349453703 0.11936824905006951
0 0.6478755206874536 0.13808700104683974 0.020940303349772017 0.12154834488975697
0 0.7390941507399512 0.5227873497363188 0.02553689668204484 0.11384494766329852
0 0.7935687340069997 0.042461510307065645 0.02307496801399935 0.08492302061413129
0 0.9871900665579064 0.88417421894302 0.025619866884187204 0.10863077080156244
0 0.7479380606699544 0.015617814685798304 0.01775112133990877 0.03123562937159661
1 0.11606627808717782 0.6396599524129514 0.02977895401018138 0.07567280043684033