0 0.7017509175237115 0.5748879352063673 0.01414683475372307 0.06987223079967002
0 0.9483357077275795 0.8143298345858645 0.04544147477225664 0.049710494985435005
1 0.9257166632625424 0.7902103729865242 0.0069320462791356615 0.01971310642649069
0 0.2754884847694215 0.8002262866848001 0.0360119110699257 0.04787521034569906
1 0.6615897089935239 0.5604246184341777 0.009122028855940555 0.03772732053311341
1 0.2553594901268991 0.9918268631893362 0.01256448738612832 0.016346273621327612
0 0.660319874872773 0.5072086902209323 0.015736616604888454 0.07069894490629273
1 0.2529860021926167 0.8175585391920827 0.009838791469812235 0.013554034639736302
1 0.7140053808632227 0.5822828980593487 0.009694947730414506 0.054133570533113406
0 0.9588863165279197 0.7137531730656665 0.03533978847458741 0.050977478292387704
0 0.6276412949283733 0.5696033901417901 0.02723711179556503 0.06478992570596276
0 0.6213689914776614 0.43569139139543117 0.041671634028083736 0.05350308471887821