0 0.6920477253228867 0.39488352421625317 0.049733227038746365 0.04622272477225646
0 0.49742319860070944 0.46535224772256534 0.039258728292387704 0.03493056070710594
0 0.6853872337026641 0.16597727421625313 0.044909334718878216 0.041371533665263985
0 0.7381785792420951 0.424590871583848 0.05102294239901042 0.03690228847458741
0 0.16009199782192193 0.6471255150609425 0.05370767319868044 0.04870288402808356
0 0.20059131419840023 0.5369345487262065 0.033736153998350546 0.059712305897782515
0 0.6879726761016742 0.20118808791858403 0.044287209092057724 0.0468130018140986
0 0.7518857265765281 0.3860467267559911 0.054860996239076344 0.034694947730414503
0 0.11378764766363739 0.5846329495445131 0.04149482970431344 0.08495784255827132
0 0.13013171318218586 0.6367138047166562 0.04543217194503919 0.05934028366526398
0 0.32647185259906003 0.5179167086150057 0.020886813011266003 0.07409226442797028
0 0.10397472697223942 0.5156101310328587 0.04933842194503919 0.059476692921091256
0 0.7742200646606187 0.24166180969561565 0.039167800079142265 0.03180556070710594
0 0.7543311134861197 0.2823314497141491 0.028449260424841326 0.06577133293962456