0 0.3715582110430694 0.5955546639481387 0.028888659090609538 0.04407726400381797
0 0.3644411862863031 0.5558018206158659 0.035878998782184014 0.041815330004772555
0 0.3521224184293956 0.5903131806174569 0.027380706168510204 0.04718408267027261
0 0.5021461432688875 0.8557007285964577 0.032372169236879245 0.019903967337681648
0 0.371318477682161 0.5197915952816843 0.04097955600635448 0.020785214672181595
0 0.37719237662650074 0.4517683012810478 0.03054661647693564 0.04956419533736352
0 0.5839825243563198 0.8211615492520947 0.026776734171687445 0.05733124200349984
0 0.8485244910781369 0.9696150412158235 0.018664225243233544 0.04005283533577249
0 0.8193103238698525 0.8980945772199597 0.040321036931630874 0.027807374005409002
0 0.7819000527665342 0.982887747891505 0.04324148538950325 0.01612498667249973
0 0.36520089123699734 0.46752966128263873 0.034975017856907445 0.03477498933799979
0 0.768955767863498 0.918988879893414 0.011342648944339829 0.06808692866804548
0 0.3434349853927987 0.46153419995227496 0.030932400162155815 0.026917036004136106
0 0.7556547471639214 0.6965326245624139 0.016634120941162678 0.05799431333545435