0 0.2445401217486462 0.6583152160108945 0.05124490016215581 0.029520171004335082
0 0.18515939325900166 0.5718386606927529 0.04580342370110611 0.03076415258848364
0 0.4120804034052714 0.5343786451194988 0.054356263392680584 0.028920931527678738
0 0.44235646428288977 0.38715503462439005 0.0383824358759707 0.09745112364928854
0 0.4969014626580366 0.5998223636200549 0.04203354139585791 0.03834913943430394
0 0.6435956359554009 0.31208860323788556 0.04867900771063773 0.061369410480991426
0 0.2082014269442217 0.5478173317676752 0.05511023985373029 0.027403934158514786
0 0.6899057999172745 0.18739244012605827 0.05933013555165907 0.04560019731269431
0 0.1866770288106608 0.6139806580619169 0.028257413554836398 0.05393634207925739
0 0.7260808534879969 0.2885153243692776 0.043541494317957154 0.03531514469597585
0 0.7939756911509764 0.19071559022488027 0.05000968262956 0.04817916574266325