0 0.48968728115388915 0.3625 0.01290069671336802 0.05078125
0 0.471194467133681 0.5078125 0.01538991707809032 0.05703125
0 0.47235496399954896 0.38984375 0.015426284669270984 0.05859375
0 0.3987122165650001 0.1125 0.0195689240119445 0.06875
0 0.39319087480937515 0.2109375 0.026509255033993106 0.06484375
0 0.497049758736806 0.578125 0.013791049486909656 0.05546875
0 0.4436695323881602 0.53359375 0.017679115691319504 0.0546875
0 0.4578963397588547 0.57421875 0.016062064304548686 0.05234375
0 0.4791530907087852 0.54765625 0.013754681895729171 0.05390625
0 0.5179798545764935 0.57109375 0.013736498100139017 0.053125
0 0.4569670065526045 0.43359375 0.015353549486909835 0.05546875