0 0.6843128798599548 0.1307912674465751 0.034910155086233276 0.12941081047058128
0 0.7018770614153207 0.2069407102224047 0.031130183622280504 0.11529376339268058
1 0.6459887803980742 0.2317673863591428 0.027131888337010322 0.09648921631477991
0 0.883938004966908 0.880976048289126 0.036979923283198345 0.10680910754848227
0 0.5701540264691326 0.21480598295057612 0.03125861621110389 0.13481137662320544
0 0.02075945471923891 0.9637619461239997 0.024514156533975297 0.07247610775200072
0 0.006540530966024702 0.2181460280031772 0.013081061932049404 0.14252841923687926
0 0.6414722150583211 0.9605922211827487 0.022970927212139714 0.07881555763450265
0 0.9199825128247909 0.9128806132239344 0.047808261372539816 0.10465627232113447
0 0.6237924094339686 0.9877791483337841 0.023548815963434677 0.024441703332431786
0 0.33707819913315845 0.35069506980277687 0.027352366211103707 0.13474319277582952