0 0.9764640686926654 0.3632623068989228 0.042437484874689346 0.04395067496187508
1 0.7092043667008758 0.4913743487863883 0.015874984874689347 0.04333242591180557
1 0.9546390656676035 0.37236520317545063 0.020407948770336047 0.016879028685347207
1 0.35363406010845855 0.07928092439319415 0.012736349336070063 0.04091594072944447
0 0.36524372579950315 0.06025816745933997 0.01526190651766246 0.07222049211621528
0 0.7482350504440971 0.48499640900687435 0.016788045081344016 0.0660068597073959
1 0.7622839149054776 0.4823253506862494 0.012786346311007968 0.049509690729444424
0 0.6520918243500062 0.613032449660069 0.0199175902608836 0.06686084488975688
0 0.6566833546988231 0.462123913090937 0.023024409542724555 0.06380858007211802
0 0.9723038095192834 0.45399640967246446 0.04006191861791066 0.038427373575104264
0 0.3427925297596417 0.23033493132704833 0.032231237899751616 0.035120535619201386
0 0.706333896755105 0.5351970839687494 0.019140885440423538 0.06762391109416672
1 0.3224391231437834 0.22377646001239554 0.011010222872636888 0.012754573138263937