0 0.9197539219246522 0.7170966871171536 0.03150653276941 0.11239155043684032
0 0.4243609543128123 0.17168346998347256 0.029090700797430813 0.14278756525447917
0 0.7077520697197914 0.3213256729651047 0.03721167211208343 0.1226750870059723
0 0.7448481069545135 0.5410575979269797 0.027745753134131947 0.11855063145888885
0 0.9623603024336106 0.6664979282834383 0.03077983415618064 0.11471711664124999
0 0.6766845608860761 0.27917388734590337 0.03412303970326391 0.12416485182361114
0 0.9489861738245132 0.7709308551451743 0.031633819338541966 0.11786030043684033
0 0.15769621191225663 0.3780918984607293 0.03917421561506958 0.1398989545971528
0 0.4730042488626383 0.8020626074262852 0.02780030452090294 0.12089438145888884
0 0.13174608206888835 0.6534185535709723 0.03728440729444458 0.12580008700597228
0 0.6877350829219097 0.07306935771062559 0.02296733415618064 0.11453527868534723
0 0.48808504141569387 0.7586399157469101 0.033722996200278035 0.10697735182361115
1 0.4019040728539235 0.1961743237069448 0.020096254084062615 0.09182447729857639