0 0.29026339681406566 0.3221747248283101 0.015918252481199425 0.04041675296574958
0 0.8403917136060699 0.07946984345829103 0.03301370719592924 0.02239892342198504
0 0.3848011089723934 0.4266168271094877 0.01312073821317572 0.047320668973360826
0 0.6646361964425621 0.19005322189974164 0.0375192706781645 0.01868367441056824
0 0.17151339681406563 0.31733603311753633 0.036611742142117175 0.03268250741437377
0 0.4747839460282773 0.3328124303792483 0.03077911910658777 0.024647172927693452
0 0.3272561286171006 0.3462953157407811 0.015881865177646403 0.03963550296574958
0 0.30085414040392483 0.29843347729976805 0.017607031017246654 0.02644975346004106
1 0.2804710198495949 0.3295733893530466 0.00755994292790545 0.028379667984777514
0 0.18881221277750035 0.3539102030794803 0.02752784057054054 0.038550505437207505
0 0.6845720148871962 0.26650297535978273 0.029633996071058634 0.01680283942959626
1 0.6818236964425621 0.19075355885787992 0.012264559553293886 0.012196252471457924
1 0.6975086625298313 0.27638731132933786 0.01780608416039975 0.013981586958138337