0 0.6882228746021848 0.4911472104841673 0.035701690006363404 0.04769327080156245
0 0.7240609246101389 0.43337173128572976 0.03804544000636341 0.04774782218833344
0 0.7026853639401847 0.4570995188047922 0.035710780673136 0.04847452080156245
0 0.7233711286203203 0.3583353636945492 0.04173351400381797 0.029088741166284748
0 0.6958188406270018 0.3084619970532992 0.04334146733768165 0.03303135875746523
0 0.7237802086250928 0.3231791136945492 0.03702783267027243 0.027417138392743113
0 0.5409244446610457 0.05400762034406296 0.023383503341817758 0.06302733007211807
0 0.6615432906190477 0.3662738438429172 0.016969871339908772 0.048819359707395905
0 0.7002245299570473 0.3327898498268409 0.04641192333704538 0.028416593939826384
0 0.23941429929186553 0.3111239104285766 0.021684643340226906 0.05127221248093754
0 0.15634944999204584 0.062248692913645966 0.02131247334499946 0.08641027868534726