0 0.08610060558258599 0.11130079202278761 0.0370778191836449 0.06385737364928845
1 0.4078144407753042 0.6950736364505323 0.03449317466803503 0.022314615756780752
1 0.10465970804191402 0.1452053551628498 0.010265334308955421 0.019341534200867018
0 0.7460285548439013 0.45765402034081576 0.03000566256778665 0.05641659997176518
1 0.762539343973317 0.4406408255883701 0.021252831283893416 0.028572321032569903
0 0.3651133354873058 0.7808977443853923 0.01291361133812261 0.07182179209337462
1 0.35978094087350004 0.7571417259695409 0.008135207747326411 0.05592377630835923
0 0.39118093179831376 0.7331805812029778 0.04394544272021186 0.0361418973268119
0 0.38146556421367517 0.6568077970021108 0.03997101502711473 0.024195634172632197
0 0.023709169010694288 0.2233310841867496 0.014453385440423561 0.06800654735504663
0 0.3866434227231274 0.7071263154179623 0.030732370413308896 0.04708710260260105