0 0.75546875 0.05703125 0.0203125 0.0640625
0 0.73359375 0.06015625 0.03203125 0.04375
0 0.70703125 0.35859375 0.0171875 0.06484375
0 0.7234375 0.10703125 0.0203125 0.0578125
0 0.73125 0.034375 0.03046875 0.03984375
0 0.75703125 0.01875 0.015625 0.0359375
0 0.6859375 0.16484375 0.0140625 0.0546875
0 0.71953125 0.328125 0.01328125 0.07265625
0 0.70625 0.14453125 0.0140625 0.06484375
0 0.6984375 0.68671875 0.03984375 0.025
0 0.528125 0.584375 0.0265625 0.06015625
0 0.71171875 0.01640625 0.00859375 0.0328125