0 0.30703125 0.365625 0.0453125 0.04140625
0 0.490625 0.4375 0.0359375 0.03125
0 0.30703125 0.15234375 0.040625 0.0375
0 0.26484375 0.3921875 0.04609375 0.03203125
0 0.8109375 0.61875 0.04921875 0.04296875
0 0.76953125 0.5140625 0.0296875 0.0546875
0 0.30546875 0.184375 0.03984375 0.0421875
0 0.25078125 0.35546875 0.05078125 0.03046875
0 0.8515625 0.56171875 0.03671875 0.078125
0 0.975 0.71015625 0.04921875 0.02421875
0 0.83828125 0.609375 0.040625 0.05390625
0 0.6515625 0.4921875 0.0171875 0.06875
0 0.85859375 0.49765625 0.04453125 0.05390625
0 0.96953125 0.6796875 0.04140625 0.0328125
0 0.2265625 0.21953125 0.0359375 0.028125
0 0.24609375 0.25859375 0.025 0.0609375