0 0.23919917313217343 0.5122347286362287 0.05398881802583091 0.03030566534054522
0 0.283790259104693 0.5406319012969563 0.05274456677218975 0.04122498400699968
0 0.2889337148315385 0.7711188326305016 0.04270197703874636 0.04501305533895419
0 0.28251021859246217 0.7383699672979107 0.04060827962517113 0.053579533338636055
0 0.9766283476510023 0.16678893853441518 0.04674330469799557 0.025599984006999678
0 0.8768258906040085 0.3211593598822781 0.021364186130804087 0.09006192600254534
0 0.21059811467325393 0.7110722179742284 0.044545621865896924 0.027852827339272322
0 0.7797977779093115 0.3707422838956412 0.0494149782923877 0.034157371339908774
0 0.4720283935070023 0.456382528604412 0.03636104882550093 0.041815330004772555
0 0.8036324315119506 0.2766832012253686 0.049247493731794025 0.055242030673136086
0 0.8594458254811712 0.42217696721836895 0.052440689891727746 0.0576221433402269
0 0.22728184633085385 0.559264269971365 0.05394335391920828 0.028743165340545218
0 0.6614342228156043 0.385405315245095 0.03311402837152997 0.06442612667090888
0 0.8521835917785074 0.2800258298854598 0.04634981426490725 0.06301816800604518
0 0.23365752995437558 0.6709466573042742 0.03346336935861451 0.04959146733768165
0 0.9756234402874393 0.1980934825350515 0.044545621865896834 0.027852827339272503
0 0.23489473568122105 0.9014790419716832 0.02399744114536908 0.04635737933640911