0 0.38046875 0.36875 0.028125 0.0375
0 0.81640625 0.7875 0.03046875 0.0375
0 0.7671875 0.81171875 0.02578125 0.04921875
0 0.3671875 0.390625 0.0296875 0.03515625
0 0.34609375 0.40390625 0.02890625 0.0359375
0 0.74609375 0.97421875 0.02890625 0.03984375
0 0.37265625 0.4703125 0.034375 0.02109375
0 0.76484375 0.5515625 0.0296875 0.0390625
0 0.74609375 0.86171875 0.03671875 0.05234375
0 0.85078125 0.86953125 0.02109375 0.05390625
0 0.3625 0.45234375 0.0375 0.01953125
0 0.49375 0.7296875 0.01953125 0.04765625
0 0.58515625 0.77109375 0.034375 0.0390625
0 0.37734375 0.4984375 0.0265625 0.02890625
0 0.359375 0.4875 0.02734375 0.03125
0 0.78828125 0.98359375 0.03359375 0.02890625