0 0.8730921029947714 0.6991463227833511 0.04782138605166182 0.06152185090962288
0 0.845180051661988 0.6783415171589986 0.03692935015828454 0.06257492865988183
0 0.7902257787007343 0.7202528813031878 0.04150318989172774 0.05888700248119925
0 0.22165632046660638 0.4854602727450791 0.052076977038746454 0.04689642473094047
0 0.9167715583259055 0.7791998498716562 0.0546313271970309 0.10787031203449331
0 0.27169943606429714 0.5697111482618077 0.0434604949854351 0.04571491439185813
0 0.8140306547232663 0.8680375638920109 0.03953151293212365 0.04475172787409356
0 0.2278668680384662 0.5380223465663966 0.05789506802583091 0.032343773159363744
0 0.5494356426490725 0.6497433664159915 0.05021896034569906 0.036667400123834425
0 0.7940424151481077 0.9318624693925288 0.046039925705962756 0.027110463606069855
0 0.16485473950865173 0.41025691149637405 0.04851170783841652 0.05843323821317572
0 0.02586043566858575 0.40612372146395276 0.029852636051661885 0.060684942927905536
0 0.15407401537289916 0.49557582733597433 0.027341401491068052 0.08163314371369382
0 0.018291976576528 0.3605201230355293 0.01721624373179384 0.05541524607105863