0 0.63125 0.63125 0.0296875 0.05078125
0 0.61953125 0.59296875 0.0375 0.04453125
0 0.61015625 0.55390625 0.04296875 0.02265625
0 0.61015625 0.6375 0.03125 0.04921875
0 0.37578125 0.8734375 0.03046875 0.05859375
0 0.46328125 0.91328125 0.034375 0.0234375
0 0.60703125 0.48046875 0.03203125 0.0453125
0 0.6390625 0.4828125 0.03359375 0.0359375
0 0.61875 0.49609375 0.0375 0.03203125
0 0.196875 0.75546875 0.0203125 0.07265625
0 0.1265625 0.9640625 0.0375 0.03046875
0 0.18046875 0.975 0.0125 0.04921875