0 0.5113951674533049 0.394474246189371 0.013978928364900866 0.05553692769309713
0 0.4997507188224489 0.5460049299325924 0.020006093878220454 0.05010453912941557
0 0.4642443003433798 0.554394146853301 0.01775784437251211 0.052434653590796285
0 0.48568290163597416 0.4693424359827166 0.017821511368706487 0.053997153590796286
0 0.48142914175014245 0.5162038004440971 0.02088284437251211 0.05245283430895533
0 0.4903451798105946 0.3357441408031767 0.022717258402957085 0.03996646984757488
0 0.502894259354359 0.3537901588553535 0.017390429847775658 0.06258635841125634
0 0.5799554609509646 0.18857422501393625 0.01989334733826169 0.06650624394987581
0 0.4465302183281573 0.5480396077238853 0.01853909437251211 0.05243919877033605
0 0.5944556541446131 0.06284751716841397 0.02950842787060921 0.05328408128389332
0 0.5136513927387256 0.5117026528052293 0.017885178364900868 0.05555965359079611