0 0.40546875 0.375 0.02109375 0.12578125
0 0.16328125 0.46171875 0.02734375 0.13515625
0 0.721875 0.57734375 0.01875 0.11171875
0 0.7390625 0.6359375 0.01953125 0.11484375
0 0.5765625 0.909375 0.03046875 0.103125
1 0.38203125 0.42421875 0.0125 0.078125
0 0.78515625 0.1125 0.0203125 0.10859375
0 0.74375 0.06796875 0.01953125 0.09765625
0 0.8015625 0.79296875 0.03203125 0.1109375
0 0.60625 0.88984375 0.0375 0.09921875
0 0.75859375 0.040625 0.01875 0.08046875
0 0.18671875 0.85078125 0.021875 0.11875
1 0.1046875 0.67734375 0.02109375 0.0703125
0 0.64453125 0.21328125 0.0234375 0.1125
0 0.984375 0.9609375 0.021875 0.078125