0 0.08341161276120387 0.5175516740133631 0.052020804235777394 0.150554530673136
0 0.36402511526848635 0.542699314051543 0.027810414423191786 0.12371931066995448
0 0.13434625626820615 0.0562692760184537 0.03911998746358769 0.10979317067154522
0 0.595666257192643 0.6931009454169053 0.04182745031656907 0.12232044267186346
0 0.6965060285045439 0.8802747760979954 0.03433319906292791 0.1331670360041361
0 0.6494627909079422 0.05288502542167776 0.026074418184115444 0.09089772000318168
0 0.6702610242148948 0.06328672342454125 0.024230773356964976 0.1080579480028635
0 0.7765384532860701 0.22473384810626787 0.03305184389007856 0.11597044533736352
0 0.8017119495251464 0.19220315877622224 0.020642772103323638 0.11894999466899989
0 0.8961104703748288 0.06357017612185803 0.048912524610606314 0.09741134933959061
1 0.34611620124100595 0.5135748880489978 0.018838579704313397 0.08378465400222712
0 0.7208049980214429 0.770363974100859 0.022023415676833125 0.11271817600254526
1 0.02847171166584722 0.4450130553389543 0.02382995658477529 0.06744203866963616
1 0.6894724299956121 0.7996969380967227 0.01923338479802066 0.07051249466899989