0 0.75625 0.4573980858686105 0.046875 0.030778527735416717
0 0.75625 0.5073980858686105 0.04453125 0.022911476348645897
0 0.77109375 0.3148650937523952 0.04375 0.022893292553055566
0 0.72578125 0.2979510038966313 0.04296875 0.03146885875746523
0 0.72265625 0.49177373907899247 0.04609375 0.024510343939826384
0 0.55546875 0.602696321335312 0.0265625 0.039680749050069505
0 0.39609375 0.623593315635729 0.04296875 0.03771885875746541
0 0.7515625 0.34110093864215213 0.0359375 0.02114895459715278
0 0.23046875 0.6344795303008679 0.04453125 0.02838022634864572
0 0.26484375 0.6711794432948957 0.02578125 0.050600065254479173
0 0.2421875 0.5263942733670136 0.04453125 0.03072397634864572
0 0.72734375 0.3361958863054508 0.021875 0.046602896276527785
0 0.11484375 0.8262332320482291 0.03515625 0.02581827080156245
0 0.165625 0.740676285334861 0.0421875 0.04785692496187508
0 0.12578125 0.7962911589099652 0.03828125 0.0329222559839236
0 0.18671875 0.7120603228539235 0.02578125 0.05919381525447918