0 0.9364746467674203 0.2954043026044061 0.03955458992388792 0.031472713797450605
0 0.8946598784786317 0.20890826640185675 0.029363847832553348 0.06890453610435347
1 0.8817115509120335 0.23633382963357336 0.012179006425790817 0.030532382513557367
1 0.6482039615196182 0.6041854467272325 0.013628759885831699 0.046943177693097124
0 0.617465956082411 0.5785769135497454 0.018267180342067136 0.06493465359079628
0 0.6421277164625341 0.6276638533430908 0.01970234634967838 0.06181874394987581
0 0.6040520549035472 0.6521098623200812 0.037401840912470875 0.03614657825883114
0 0.5864162273369491 0.6795626966290367 0.03931450939154022 0.04474941861791084
1 0.5770757194282836 0.6421081484244346 0.025364755931499162 0.028265900565734015
0 0.2630172421285156 0.3563671329063408 0.02426251235728971 0.058721015027114645
1 0.25015248619701663 0.32831031059943794 0.011429589923887828 0.031309087334017514
0 0.2648265039543327 0.017213729315544605 0.038582338935304605 0.026780668617910824
1 0.24631658448668037 0.004788109363913623 0.024664418973360736 0.009576218727827246