0 0.24731969034349288 0.37882093335043787 0.019086965096963927 0.06416703912941557
1 0.23244866680454254 0.3802970749391815 0.01171479586008468 0.044594882513557275
0 0.37122084050564863 0.35297657171772767 0.03350797524323372 0.04003464754067192
0 0.05008222605730785 0.3089164577473264 0.044240923701106126 0.028379530054229284
0 0.2895247812528834 0.42282091822512735 0.015207988635914304 0.0657068132317166
0 0.06341229464556399 0.3957215661585828 0.039471603084255104 0.02366475897699045
1 0.2793100300350674 0.38135103571157003 0.016593210632737065 0.05555965359079611
0 0.671409575488115 0.16485998994285506 0.03948523985373029 0.024446008976990452
0 0.3465503027632388 0.513005556690613 0.013727309252765352 0.07038522287263689
0 0.6441357836852201 0.02640602312034231 0.024228432629559826 0.04544885538619427
1 0.6604738498378442 0.030407721890678297 0.02688978246740419 0.018904536104353498
1 0.06884586282678302 0.30824429205628184 0.02207955154212755 0.011846015027114642
1 0.684609004871264 0.1696247579950318 0.022969895697928955 0.018100560206654494