0 0.45353551503800543 0.2048001769192072 0.03154765038411291 0.14083058844101304
0 0.19827920624072104 0.3471972880604522 0.03520491689245615 0.1511141724334019
1 0.4309102425367682 0.24909400498009693 0.01688096279944169 0.08410308596955511
0 0.7648049649471483 0.38743224068282195 0.02608222241038014 0.1257958374524298
0 0.7953423139972087 0.4494839131162238 0.032990641677685416 0.12373858893530461
0 0.6356419239014028 0.7937883755500632 0.03562431874690706 0.11449092292769336
0 0.22809169549812883 0.707799207033813 0.028013214608464045 0.1328907544486242
1 0.17252669097557308 0.5846999466536896 0.03497254353213632 0.08717900642579064
0 0.6164692000206846 0.8444595376033417 0.04088835085908258 0.11080750741437377
0 0.8677849592929388 0.671498175967805 0.03623847241038014 0.12620967292769336
0 0.6973154132744115 0.08142497980840703 0.043849576548823065 0.1078098414067626