0 0.927784821545006 0.4041463459427149 0.04518837551672874 0.04965755169541097
1 0.6770229580199894 0.694154800038272 0.017208924730940288 0.05147260876750561
1 0.6227378724118475 0.7337224141824612 0.02900044933804615 0.053580918320799496
0 0.23821493755122197 0.11009855376232566 0.04211687944567011 0.03392338978475227
1 0.21675946856846862 0.13482457195929073 0.02418451674922295 0.03386773180303493
0 0.6227764137681764 0.7680246395753553 0.020389582712657627 0.06955052067816432
1 0.2401050390800173 0.4017402442090317 0.021513281017246654 0.026727319892376044
0 0.9475579741500398 0.49393659201377343 0.0404281009096227 0.04787672787409356
0 0.25251514784752294 0.41712980376232567 0.03852099855225788 0.05714256596343468
0 0.6027207789458229 0.8060682950758734 0.041609611248705033 0.0565068651776464
1 0.9118344898658055 0.4299083252645504 0.016080918320799498 0.02725385876750579
0 0.6681209929661774 0.7038744023956369 0.019571945409104785 0.06873288337461148
0 0.6161582326270952 0.6928790903611436 0.043351893713693815 0.02696491439185813