0 0.39459825970346485 0.35309841406762593 0.04138889183263199 0.023530341901054186
0 0.38103181142489617 0.5007719101132933 0.032296634028083734 0.05358525642579064
0 0.4073065908289909 0.33723333353527823 0.04138889183263199 0.023530341901054186
0 0.4052505614248962 0.5017587485543062 0.03830109736759475 0.04680867441056833
0 0.41102435707105967 0.39901575053147265 0.04392361479079003 0.02909459239534575
0 0.9089410789329093 0.8288769358536368 0.04562252404661713 0.03306450939154004
0 0.5685219208582085 0.7315311146756482 0.02057788402808356 0.05310775395433254
0 0.3904415277596322 0.4574675790866539 0.04072669292109108 0.04924792490485981
0 0.38025301750801316 0.32208849459997363 0.03834573738612823 0.02574675790866543
0 0.8568552453603125 0.677748175967805 0.03819196996293286 0.04368367441056833
0 0.6725992964487717 0.6959848869187697 0.041371533665263985 0.045373508402957084
0 0.918665797714716 0.9509747703403171 0.05133681070710594 0.040318593878220454
0 0.9440278962634373 0.9176821092756218 0.025783739200226564 0.06814250494291585
0 0.3762525090704927 0.22986916110187638 0.029107146641955416 0.02927100593149907
0 0.9371454684032887 0.9976575096758669 0.04322421034428601 0.004684980648266191
0 0.8525100296585488 0.8437405904925417 0.017916675497895794 0.06626166996194413