0 0.7717574534718754 0.442338971435359 0.05052869292790554 0.02869771200668154
0 0.7298952851510758 0.4153037567631774 0.05018409057054054 0.038063621339908774
0 0.7214512766740204 0.20047818809672285 0.040991027088305286 0.041860783338636055
0 0.7275214942090318 0.23022023209735915 0.039047537427387445 0.050427261338317916
0 0.08560389950015276 0.7482471433402269 0.04874786910658786 0.023992030673136
0 0.17976266025351975 0.6072323393539081 0.021080941480163373 0.08379374466899989
0 0.7959461625298314 0.25756452943981334 0.041825781017246655 0.026253964672181596
0 0.2690584466474498 0.5629834473663167 0.04676799214211709 0.03177725867281787
0 0.5553362408992628 0.48979358473899665 0.03459547787409356 0.03866305800445424
0 0.248878687341825 0.6494203866963624 0.046896424730940287 0.051299418006045275
0 0.19489104652361539 0.5129283560232262 0.050166973945152106 0.054460780673136
0 0.7830010144729114 0.3987435127704952 0.0512371683207995 0.027144302673454312
0 0.3793773624870501 0.5509930720480433 0.031708072373575466 0.06049260467059074
0 0.20342063812761327 0.6457681280235443 0.04413529776646961 0.059075555338954366
0 0.7750001157968189 0.29401965010340436 0.0318343509096227 0.046439195337363424
0 0.08972631926869441 0.719404528007636 0.041825781017246655 0.026253964672181596
0 0.7697174946233165 0.08001169410404066 0.02309505169541115 0.0432141980028635