0 0.003611921642154565 0.36735459633652684 0.00722384328430913 0.11841580732694634
0 0.7186095641128096 0.6191241412274596 0.035041142582196726 0.14830802521477082
1 0.4655244284280179 0.810023537427701 0.019388487109701202 0.08749667797373277
0 0.18133977894841624 0.9402244510407968 0.02452636646291486 0.09633608943912222
0 0.0320700350528517 0.35436991745828306 0.02752521370395288 0.10895892017181649
0 0.4424211211010716 0.8346074575995175 0.033236303143074866 0.12873583163720567
0 0.26687224446139146 0.779921036861874 0.034884012324471844 0.1155774123699004
0 0.4924619804394389 0.28115823100526577 0.037599576548823066 0.10792868668015991
0 0.4753253900958058 0.32568615897899844 0.041055447195609496 0.0995396545679843
0 0.3911319380389563 0.7726297580290588 0.05059422150586901 0.10315597749876275
0 0.3651459701511319 0.7778871460886997 0.04578389077317437 0.10056656603337366
1 0.7340475356186785 0.5178106247191162 0.01717421189493056 0.06011198439616781
0 0.8405542424252264 0.373548290368377 0.04442278663473118 0.11919373530067894