0 0.3080482792209932 0.0330453459182245 0.05577844155801355 0.06281816256778663
0 0.4092372633959759 0.457895875874258 0.02844832832748878 0.06344033128389341
0 0.40148326461379186 0.4992612192583996 0.024678446022240407 0.07123010538619426
0 0.37903729464556396 0.39755781869266554 0.04573523985373029 0.024482370413308897
0 0.40694942938314893 0.007055538540240418 0.06108750446422686 0.008948274004105092
0 0.3646690572274657 0.5045163458200287 0.04826990462638268 0.03543350595192827
0 0.35802931940233035 0.43728339402463057 0.04071650324641087 0.0502318041565303
0 0.35034350446752216 0.4747424874087723 0.032272757710637735 0.0587755571815924
0 0.35649982143092523 0.34585896330647137 0.038894904626382676 0.035378963797450605
0 0.39588387540868475 0.4171890626425414 0.03478410308425506 0.02363748789975162
0 0.3475106051161453 0.36846521633153345 0.04972331047058134 0.029192596311007967