0 0.10398290444465294 0.20237815796003464 0.021185975398715362 0.07154834488975696
1 0.4282646975663894 0.6341307721327427 0.02632676386770836 0.024037565254479178
0 0.40609941004732697 0.6557518522048608 0.04038926386770836 0.02436487357510426
1 0.11800969006385435 0.23410028343499995 0.0068136976632986014 0.0243642203647223
1 0.7300940756068058 0.3363231728745827 0.011392094889756876 0.019785823138263936
0 0.7183577950215975 0.3694266136040272 0.02461944671336802 0.05132676386770836
0 0.6848120643045487 0.036432928858506373 0.03877221248093754 0.021984755983923642
1 0.701563153210382 0.017282885355520243 0.026381315254479176 0.026381315254479187
0 0.3946339267648269 0.5997382415475345 0.015517203647222288 0.06282730832062491
0 0.060071209915486354 0.2972010018998611 0.038881315254479173 0.026672255983923598
0 0.42544947530180616 0.6810966911106942 0.040443815254479175 0.026708623575104083
1 0.36794479340607694 0.6284996743931941 0.013554660144236142 0.045603440729444424
0 0.3731414396826047 0.6502655716196525 0.020204703647222287 0.06293641109416655