0 0.4525617264308607 0.873705251238345 0.03626713978475227 0.04222604135632864
0 0.5238953407799375 0.535663749790603 0.03383349855225788 0.05692424214211709
0 0.4837926873463342 0.32083496236321557 0.026511150123834426 0.05034675641014079
0 0.5116992477281975 0.6126072394515208 0.02158820967712849 0.06181079528527036
0 0.619937625106953 0.7765863103773543 0.04233520326698752 0.038610889784752446
0 0.46371347374026434 0.36531055438149823 0.024422111248705036 0.055706344499482086
0 0.43340104321835565 0.19243382650740473 0.015901135855810898 0.05686858416039975
0 0.48983297973612033 0.1911474623632156 0.020079213606069856 0.046149407981717336
0 0.5034202907371563 0.23562520843427417 0.023386150123834427 0.05020120719592906
0 0.45642116625388496 0.18567655831043967 0.0135573858558109 0.056759422249740954
0 0.44458033002657055 0.3894736463997809 0.016917826302517015 0.04522260876750561
0 0.47687490736254484 0.25083067741702747 0.01515627315936392 0.057613446856846905
0 0.4699185860224266 0.2152741670779453 0.015828361248705035 0.05530608416039975