0 0.3359375 0.29609375 0.04609375 0.0328125
0 0.34765625 0.14375 0.0375 0.02578125
0 0.26796875 0.3125 0.03125 0.06484375
0 0.23203125 0.30390625 0.02421875 0.06328125
0 0.20234375 0.284375 0.028125 0.06171875
0 0.19765625 0.24921875 0.04296875 0.04765625
0 0.28515625 0.20859375 0.01484375 0.0703125
0 0.778125 0.5140625 0.05625 0.03125
0 0.65234375 0.46640625 0.03984375 0.04296875
0 0.7859375 0.4734375 0.0453125 0.03125
0 0.7953125 0.5625 0.040625 0.03515625
0 0.971875 0.6890625 0.03828125 0.05703125
0 0.82890625 0.59296875 0.046875 0.0265625
0 0.56484375 0.42890625 0.03671875 0.034375
0 0.903125 0.70625 0.0515625 0.0453125
0 0.98828125 0.740625 0.01953125 0.04296875
0 0.5625 0.1578125 0.0234375 0.07265625