0 0.8501043291349724 0.643186406541709 0.028181321427629767 0.1385505054372075
0 0.603585659491056 0.8080287924347145 0.02338472727182861 0.13210950444862418
0 0.30160259942751183 0.6170641887078432 0.023825058034949366 0.11261008794672148
0 0.4689717370110612 0.26234090213026573 0.030733577109672793 0.10586533942959626
1 0.6295208680951981 0.7710089534994098 0.01393186079489297 0.0825405859695552
0 0.32376001744657507 0.6771421842592188 0.021644949268651282 0.12188958745242999
0 0.8374001830333017 0.3184729080245837 0.02552392572970099 0.12048625494291584
0 0.05903762946257922 0.2469904051331963 0.025977893262296936 0.10176808844101312
0 0.24245192166921595 0.4083868670727441 0.022344378651800324 0.11723392095052709
0 0.4900558043815013 0.21613706418354423 0.02273016233702041 0.09460950444862429
0 0.024105296263826497 0.3508303295437645 0.035393803570722436 0.1044938404181794
0 0.01877509374876427 0.1798320800380561 0.032486991882325164 0.11686650642579063
1 0.8736025101429744 0.4217597341083071 0.025568790178041922 0.07833058844101295
0 0.3658010616818067 0.9357704263505535 0.033763119723346516 0.10052392342198502