0 0.6127819018792018 0.45050469527504555 0.03913588839274311 0.03872498530067894
0 0.302621079406528 0.2313164405253471 0.030996733282499987 0.057805855947465366
0 0.7992285481557296 0.46263512381460503 0.03920862357510409 0.04184998530067894
0 0.6919251944322573 0.4901603375185579 0.05081827080156245 0.03777663896415202
0 0.8032263703440629 0.4999713495043455 0.04549499116628475 0.04374003392119796
0 0.7720672893220144 0.5055153426069406 0.02242116707809032 0.0581367265942518
0 0.20305683729031268 0.22167252487608638 0.0479114763486459 0.04698786465389251
0 0.3937565321038197 0.3157113726829513 0.03426655043684033 0.03066682383528967
0 0.24335648860083356 0.30638503957540747 0.03493869766329869 0.02602026741285455
0 0.6179084258148964 0.6035478081199158 0.04364155043684015 0.031158146766068207
0 0.7439793101235769 0.5421865049768411 0.04411432912218753 0.051470646766068204
0 0.06598932912218754 0.04582043306211529 0.026290396276527784 0.02322613805964091
0 0.2350153521079516 0.21686883819592645 0.05221776985163196 0.06438008254171698
0 0.03146820554708334 0.008995441400958058 0.0488557272985764 0.017990882801916117