0 0.17167821670644176 0.3403505261671849 0.029950827335974227 0.14120882892507777
0 0.4249529582293864 0.1408411627588915 0.03200347890755086 0.1350953368175855
1 0.4020441511572918 0.1675555812029778 0.018882740694375143 0.08758329998588259
0 0.9058906666636606 0.6807414517979072 0.02451631058675119 0.10816881577089817
0 0.4535876120727654 0.7221821680205632 0.026879331264915506 0.1254473210325699
0 0.9468795396991897 0.6909200886013754 0.031384894747151296 0.12181408681758547
0 0.956864507648486 0.5707363912180939 0.032093370140044895 0.12029708944842135
0 0.47197158498446007 0.6819589864222974 0.0286772717116218 0.11386507892507769
0 0.6614234592628436 0.24966794411716106 0.04646408519385705 0.11100538943430402
0 0.08960854114693188 0.585671460466874 0.03997864474715103 0.12231461575678075
0 0.5663806329603267 0.19972188104768604 0.05592897642635144 0.09675317363517104
0 0.594124643299409 0.2099082231269434 0.05176801530148083 0.09105691048099143