0 0.8426594638824433 0.39060441841950977 0.04011253124958784 0.06083808847375849
0 0.24097245860743746 0.5215512662320544 0.04608979586008468 0.045322182629560004
0 0.29542022524652894 0.446697316556366 0.044390928165332966 0.037482409090609535
0 0.7957259626646273 0.34836632548152446 0.03767332386326192 0.05532842816533297
0 0.8664924301972231 0.36835727150376485 0.05172218709378669 0.05479264001588611
0 0.17926339123699733 0.4751478246740408 0.03576595048646736 0.08028751785690744
0 0.8002164139618735 0.13587996225099958 0.0459261546263825 0.03594718262955983
0 0.20961731859155144 0.5718006822225228 0.05218979139585782 0.03683752678536116
0 0.23711680154542286 0.4738131956152033 0.05438353693163096 0.028284687093786686
0 0.9063009983784422 0.2815254732080482 0.053335280031772216 0.10246252678536116
0 0.8079510474849378 0.18524871671522644 0.052012513392680405 0.026681276785361207
0 0.5730463932655923 0.39058723295057607 0.042115362012708955 0.041347748782184016
0 0.054107658283125915 0.571430715096964 0.04840627232113435 0.04380059293798535
0 0.046299112423041223 0.6158392341716874 0.03823638555165918 0.04284206493480802