0 0.40625 0.33046875 0.02109375 0.12578125
0 0.16640625 0.43125 0.025 0.1296875
1 0.38125 0.3796875 0.0109375 0.0765625
0 0.78671875 0.74453125 0.0234375 0.1109375
0 0.5609375 0.86953125 0.02421875 0.09453125
0 0.73359375 0.58046875 0.01875 0.11171875
0 0.78828125 0.07421875 0.01796875 0.1078125
0 0.715625 0.52421875 0.01953125 0.10859375
0 0.1859375 0.80546875 0.02109375 0.121875
0 0.5890625 0.853125 0.03203125 0.1
0 0.64765625 0.1828125 0.01640625 0.1203125
0 0.97734375 0.92890625 0.02578125 0.10234375
1 0.11171875 0.6484375 0.02265625 0.0765625
1 0.75703125 0.02109375 0.01796875 0.04140625
0 0.7453125 0.040625 0.01640625 0.08046875