0 0.290625 0.47305212175523675 0.05 0.03524775324641087
0 0.1859375 0.4951919488649096 0.0375 0.0506545649348082
0 0.371875 0.5106963977298191 0.03984375 0.04522672524323355
0 0.1828125 0.4514964959428102 0.04453125 0.039058545860084594
0 0.97421875 0.975963698464463 0.04921875 0.01414036647693564
0 0.7953125 0.7626802686742769 0.0484375 0.04693922970746058
0 0.21484375 0.4564061383943283 0.0203125 0.0605108060063543
0 0.02421875 0.10348351014626973 0.03359375 0.017773881087432296
0 0.771875 0.774026871758532 0.0578125 0.0603841209411625
0 0.93984375 0.9554699663213706 0.04375 0.051544909090609534
0 0.75234375 0.7259302909954114 0.04921875 0.03210911647693564
0 0.25 0.4081362337679456 0.03984375 0.04913297524323355
0 0.36953125 0.3505810580382446 0.04765625 0.04848809293798535
0 0.6953125 0.7378632751670987 0.034375 0.052943767856907444
0 0.76015625 0.6765751733006595 0.0359375 0.03031479139585791
0 0.59765625 0.6653491213514949 0.03203125 0.025559107548481917