0 0.22638667825010622 0.7494543298595817 0.04611517473094038 0.05230903366526398
0 0.514946333955512 0.36498752750517816 0.043987594499482086 0.02337550181409851
0 0.5161898486378205 0.5224999271423585 0.04549659057054054 0.03902778366526398
0 0.2522985148917054 0.6955108743246188 0.05732450248119943 0.04178076143274545
0 0.28449673883685744 0.6405679139803325 0.039482031017246656 0.02711806070710594
0 0.7454471631535131 0.4232365040067153 0.04669521753501123 0.03126984736759475
0 0.5839638536002191 0.4405753153467934 0.04952911910658777 0.02512897477225664
0 0.7209780101341945 0.36247261879750525 0.03185362158778737 0.0642906784931208
0 0.7383409844936313 0.45858372696487315 0.04033605562435234 0.028707842558271322
0 0.7184137822601009 0.4007811506486706 0.040100615177646404 0.04039931070710594
0 0.2702094528572121 0.7463640461943177 0.042898129445670105 0.033477188111767656
0 0.15756390364300038 0.7534176327621394 0.04831337551672865 0.049265879218760134
0 0.24892095781961082 0.6675495654316114 0.04502355562435252 0.02887153366526398