0 0.7744980247600616 0.5165349349215717 0.060084112012708954 0.040970433645025395
0 0.3152805320636623 0.28641772638867835 0.04981876785690744 0.034661346311007965
0 0.19491348498576158 0.2902426840378089 0.023856285713814974 0.06888181020665449
0 0.1630595129889388 0.28027278639894104 0.03094208279171564 0.0720477168225127
0 0.6539770190780188 0.4844269377502421 0.044018781249588204 0.060406234874689525
0 0.3266698198060721 0.12621147941374047 0.044953989853730295 0.02447782523376909
0 0.15909476177112283 0.23889380747617994 0.04773411647693573 0.04949146077238851
0 0.7969809508967997 0.5710860795353774 0.046857409090609536 0.04401816559284875
0 0.9701712146965175 0.7185009141389205 0.03458923417168762 0.05722669272021186
0 0.8213672962704169 0.6060968837901035 0.05209433400953145 0.030768731849627428
0 0.7836645190780188 0.4836724379466338 0.0368511635548364 0.05255282825883114
0 0.23849984375205951 0.2993631539835796 0.03634264894433983 0.06817328307929138
0 0.2543760340922572 0.19537509075186307 0.01620742694751698 0.07821135841125634
0 0.5524787487854793 0.436584856269957 0.03178183400953163 0.03065055718159222
0 0.9149382439175107 0.7500690767067071 0.047171054788538315 0.061986915592848746
0 0.5536999241081432 0.1428575821676561 0.020540370941162678 0.05792612948849522