1 0.8210580101528603 0.991634391221736 0.05435626339268076 0.016731217556527865
0 0.7748191732973643 0.28797873543917696 0.016197744317957154 0.03299431333545444
0 0.5758947037361735 0.3583350467456782 0.03076875892845372 0.01754203600413611
0 0.5010719817393507 0.34730609273549684 0.026985239853730292 0.024527832670272608
0 0.49264582711296806 0.3823714360677696 0.027548301542127618 0.01203692333704529
0 0.5860900896948698 0.49051174741404174 0.01123750892845372 0.01731476933481808
0 0.5611582735422456 0.4863145960773146 0.014389782467404189 0.018913632001909163
0 0.6482258510589555 0.5568730914226323 0.01587046185055314 0.014244313335454529
1 0.7654714468363146 0.2863071474379043 0.007331258928453721 0.017269316000954493
0 0.8348315527632387 0.5207554201145401 0.01811875446422704 0.008802835335772663
1 0.9366830101528603 0.9942602255629176 0.054219895697929135 0.01147954887416489
0 0.8420400807664162 0.5106809861154946 0.019681254464227037 0.008821016669318027