0 0.39677202351312574 0.36447974332973765 0.023419840162687854 0.13243736374938136
0 0.1441742643397436 0.4683704624607574 0.02973347267624522 0.1437024123699004
0 0.7308208123479538 0.5595377792871006 0.020213026930971267 0.11821108943912187
0 0.7483628363520589 0.6195745205806732 0.021012457649130668 0.12137703301668665
0 0.5797184172431687 0.9152189704898162 0.03266302995603336 0.11027243668015992
1 0.37285325536275316 0.41731149423424885 0.013758493851679886 0.08272729081860283
0 0.7936096203151131 0.06859851877165093 0.022534051033272107 0.11442767017181654
0 0.7503681595427245 0.038035091023031244 0.020912463699254858 0.07607018204606249
0 0.8157281192349586 0.7809380664876587 0.035052231751431503 0.11820776741285446
0 0.6108502425751337 0.8932687273872212 0.03966700887879462 0.10595342887824373
0 0.7650664637974506 0.018495266141773707 0.019976677594901203 0.036990532283547414
0 0.16998889323906363 0.8757359051338112 0.023378933546829607 0.12540611374938138
1 0.08377361640628816 0.6981675050883827 0.022302246876742027 0.07458392017181659
0 0.6465669695529872 0.18180560493141248 0.02568632211051103 0.11927894448207606
0 0.9973174450579029 0.9260038257599129 0.005365109884194297 0.04119821008590811