1 0.9418343918682787 0.9314756323214212 0.04554885733609097 0.022158842889637497
1 0.8319872245385515 0.9094016555531258 0.051072151336727246 0.027069177376317553
0 0.7850267912953655 0.2475675004199295 0.014417036004136108 0.03104175296574958
0 0.5982984032861385 0.3231126229670621 0.0290971540022273 0.017584089429596262
0 0.5280949912874112 0.3166026377958097 0.02526362933640893 0.02367492193911023
0 0.5206819332829569 0.3497016392786844 0.02590851933481808 0.011988005437207506
0 0.6093529872692758 0.446822036997507 0.01033806333545435 0.016038835475263545
0 0.5851796906031393 0.44390262543852 0.013481244668999892 0.0177286694676523
0 0.6672376652610034 0.5053720246402172 0.014217041335136215 0.01385425296574958
1 0.7756699726289108 0.24638700239709585 0.0072130633354543505 0.01591150148287479
0 0.8418654952657759 0.4631169045645426 0.016506247334499947 0.009262253460041059
1 0.9398088152053241 0.9042273828157128 0.05098124466899989 0.019256677376317553
0 0.8490149239338212 0.4526741530816679 0.018840906667727354 0.008576503954332538