0 0.1670906737044014 0.44701386533894416 0.04045740462638263 0.03654762440943689
0 0.17175485430536636 0.49291664238078614 0.04430910754848201 0.033559033665263985
0 0.30109748092857186 0.46341513693849057 0.05358865016215582 0.028417665879248943
0 0.3798031335263595 0.516882388119617 0.04662558400953163 0.03207837921876031
0 0.3825986712687694 0.3567261381196169 0.04509035754848192 0.03358631551642936
0 0.20254693263285514 0.42859868203649987 0.025364238635914305 0.06647073738612833
0 0.6923950422132272 0.7690872065464532 0.022389243100141166 0.07495535998146644
0 0.7978774289827024 0.7646229066391204 0.04755683847375849 0.040699411069925515
0 0.23555034740550754 0.41651534428755194 0.026667640015886018 0.051681551088459086
0 0.6070223782513539 0.6502677738769811 0.04292388555165907 0.04366071996293304
0 0.7392757707028718 0.6776611091788582 0.05055910754848192 0.03377728847458741
0 0.7435717585280072 0.7446576362207005 0.05362560633066593 0.07526538402808355