0 0.8066433470965748 0.48365894317627606 0.050154536104353296 0.027435253246410874
0 0.7642740399149826 0.5141725576246169 0.05015453610435348 0.027435253246410874
0 0.8032183652469473 0.5351668960983755 0.0470295361043533 0.027380706168510117
0 0.7694256691088901 0.3001782414719928 0.0424193041565303 0.04058013555165916
0 0.8223688619272977 0.33235554179630433 0.047034081283893414 0.028161956168510204
0 0.7987495547457055 0.3631964387120492 0.04314601200205246 0.031218772321134302
0 0.769216590850059 0.3361157414719928 0.03701873184962743 0.052203428165332966
0 0.24858034134103826 0.6512796765404799 0.04625283128389333 0.02814831939903506
0 0.23824735021983284 0.5471825117678275 0.048714755951928354 0.048501729707460584
0 0.10213154645608605 0.8440557374180984 0.04160623789975162 0.03509774878218401
0 0.40091045580241885 0.656282596588138 0.046275557181592396 0.03205456939903506
0 0.2709456998504905 0.7016751428552599 0.04554884933607006 0.041415932629560004
0 0.19807128123257967 0.737906923294069 0.0394215691836449 0.06240058847375849
0 0.582442256933887 0.6110088271063775 0.036964189695149585 0.042828428165332964
0 0.8200347231672247 0.19636349471840364 0.019713057181592573 0.03159091923687925
0 0.16992810051442042 0.7405409995929629 0.026226677594901292 0.07701251339268059
0 0.11400028738089976 0.8184790389602259 0.04786078307929138 0.03598809293798553