0 0.9083049420328407 0.5085750190891327 0.023238032981095457 0.1005273300721182
0 0.9170719297362006 0.6728193570450355 0.0248368944174139 0.10681369766329851
0 0.2335696042078439 0.8068903521079516 0.020294840162687854 0.1317045948897569
0 0.9453191287029284 0.5602109074818757 0.02249768959695402 0.10754039627652787
0 0.10415377321853818 0.5820332096311459 0.022552231751431506 0.11691539627652787
0 0.5040053449362658 0.9627091401730645 0.02159371974937905 0.07458171965387095
1 0.4867360317045494 0.9541699680836114 0.012155087235821682 0.07527275693385391
0 0.6100917184728327 0.9429805077868755 0.0350113251355733 0.11017508700597212
0 0.5120264023142499 0.8703950333380908 0.020985186571891745 0.11609777868534721
0 0.4042123396717086 0.46481522093340305 0.03654655405833438 0.10552395459715277
0 0.5319394473955938 0.9364746282278477 0.027162463699254857 0.10374324905006951
0 0.43229188787631045 0.45765733757465316 0.02938803903121965 0.08348530043684033