0 0.48746421342242263 0.15904811025392143 0.035217258402957086 0.04082122829238766
0 0.4192793102292115 0.49188935398571526 0.03266526136870649 0.054792800079142265
0 0.4600940167315519 0.6967072346271008 0.025379343383928797 0.04833821159934022
0 0.43017965954463955 0.4158807834526018 0.02038809585538672 0.05989783722616089
0 0.3247321086697871 0.26522521707612357 0.04130809091247105 0.03709683471887839
0 0.4790641926249949 0.6524571294542513 0.02325842787060921 0.053738765439406325
0 0.5098154910283894 0.816990990895307 0.015509594866803766 0.055073944906292735
0 0.45415574003980613 0.8232924666804122 0.018970175893442943 0.04425010517284953
0 0.4410628324351519 0.7807556256933277 0.022286176882026255 0.04902853338609496
0 0.48684090604741737 0.8254627204413358 0.013165844866803767 0.05500574874635866
0 0.4972385310660079 0.6277382742814018 0.01662642589344294 0.04418190901291545
0 0.46669950239709584 0.7644031999873647 0.013978928364900866 0.05580973079967002
0 0.47392441197891644 0.79774689740094 0.015445927870609211 0.05351144490629274