0 0.7425952759324648 0.4799797540723299 0.04602166802802081 0.03284347749876275
0 0.7525852589306244 0.6206899632537269 0.04500402868534721 0.02264628392119796
0 0.7116875019967702 0.6345377792871005 0.04456827080156245 0.037449090343633175
0 0.7106010467340274 0.4465431343300546 0.04658471248093754 0.02350942107632754
0 0.7421783550546524 0.43084289122745967 0.043532447663298515 0.02647064676606803
0 0.22145024059760385 0.34186883819592645 0.04282393284565975 0.02955470318850324
0 0.16311302336701367 0.23334368724598678 0.04691202080156254 0.037571921076327716
0 0.7352529417762842 0.5942879155377191 0.03562902868534721 0.022154960990419425
0 0.11638480015249986 0.16244468905500914 0.04057110182361114 0.033338122455808694
0 0.23916245782819406 0.45252305517923974 0.04513131525447918 0.028115033921197963
0 0.3967950795034372 0.35140653324382937 0.03840918977951393 0.04102779172311406
0 0.26207589380798585 0.3061869657401178 0.021585365691319504 0.05575203301668683
0 0.18104475256545113 0.2675172913844298 0.026908645326597293 0.049788638059640886
0 0.5475399619122566 0.3450669227738083 0.020604093939826384 0.047117339439121865
0 0.7125603241851037 0.5970377792871006 0.02292966014423605 0.04645892017181659
0 0.12743074971565954 0.19073678539153596 0.03830008700597225 0.03634029172311406
0 0.7501668141171175 0.7245962132537269 0.02874324905006951 0.028036468792335612