0 0.47340968065722766 0.06953125 0.013944868674408894 0.05703125
0 0.49746534599777287 0.01640625 0.01209146733768165 0.03203125
0 0.4631801579805918 0.14296875 0.026417596674090583 0.0546875
0 0.48243978266231835 0.03203125 0.013917596674090583 0.0546875
0 0.48062164930777396 0.18828125 0.024873278007635946 0.05625
0 0.4114160212842295 0.36171875 0.027998278007635945 0.05625
0 0.46311761799809104 0.0140625 0.021421014003817972 0.028125
0 0.49671881663750134 0.21484375 0.02237498667249973 0.04296875
0 0.4478375159930003 0.0515625 0.024019302673454312 0.05
0 0.41595752327341184 0.44140625 0.017078959341181487 0.0578125
0 0.29916837058404927 0.60859375 0.0426602146721816 0.040625
0 0.522392620663591 0.02265625 0.013018168006045272 0.04453125
0 0.4682627212365045 0.71328125 0.0348477146721816 0.040625