0 0.012098149379497023 0.25476932061685104 0.011420884798020652 0.07047614123370209
1 0.3695041017411302 0.6764217727248761 0.02292067445232169 0.03631932954530477
0 0.2969016760351673 0.6501671899331605 0.020795884798020657 0.07063978246740418
1 0.6869915346397362 0.021361720368674418 0.023983069279472247 0.019159103084255103
0 0.6832948509497074 0.37736625851812133 0.024452082211595894 0.06211421631478
0 0.3477571338735838 0.7072763064100962 0.04026729882550102 0.042088088473758486
1 0.019925021245393942 0.2822358015421275 0.017892193652651555 0.024518758928453722
0 0.6653893192794722 0.030354890823369663 0.03856840650563296 0.03737331493480815
1 0.6942861752437445 0.35257081006024893 0.015085442399010418 0.035401711850553054
1 0.2893930529156291 0.6336382090078839 0.017838369358614513 0.04950512215897866
0 0.32860030542291163 0.6124586842511176 0.03194633346523714 0.05131308400953163
0 0.36658970189941475 0.7372774521080252 0.040358227038746364 0.04521308847375849