0 0.9515625 0.96796875 0.046875 0.025
0 0.67421875 0.6453125 0.0390625 0.03125
0 0.36796875 0.471875 0.03671875 0.046875
0 0.91171875 0.88125 0.05 0.03125
0 0.3953125 0.46640625 0.040625 0.0328125
0 0.3734375 0.425 0.03984375 0.04453125
0 0.4046875 0.29375 0.040625 0.0234375
0 0.40625 0.340625 0.03671875 0.04140625
0 0.9359375 0.93515625 0.04453125 0.02265625
0 0.3875 0.31953125 0.040625 0.0265625
0 0.87578125 0.74765625 0.04453125 0.02734375
0 0.3703125 0.2875 0.0375 0.0234375
0 0.54609375 0.64375 0.01953125 0.05
0 0.82265625 0.7578125 0.01328125 0.06015625
0 0.9140625 0.84296875 0.02890625 0.0671875
0 0.85 0.61640625 0.0375 0.01796875
0 0.3734375 0.1984375 0.0296875 0.02421875