0 0.23501743295765443 0.5200326698334681 0.04552157825883123 0.03725595909205772
0 0.26217028541698245 0.48801579169936515 0.04466306020665449 0.023951977038746363
0 0.2585372670702181 0.669129399379497 0.04160623789975162 0.03557979882550093
0 0.23239188182618625 0.47152697367353413 0.04159714754067192 0.034017298825501106
0 0.24115886952954613 0.6358167942066475 0.04229658430895542 0.019977530878812287
0 0.7284765414671066 0.48439932752623543 0.03604658430895533 0.019795674452321776
0 0.260621941836449 0.624666345539431 0.02841589149054773 0.05081835391920819
0 0.22021965563389964 0.6617655287672413 0.03995283430895542 0.01990933471887839
0 0.5631373668972675 0.3944466142775426 0.03848578307929138 0.03627012061225567
0 0.8378232286281735 0.2141897790964457 0.0392352168225127 0.03082410266556703
0 0.8540567618056608 0.1849796522159839 0.04391362646343318 0.029397994985435095
0 0.7575095356133742 0.37276314555206636 0.04080226200205246 0.03165081677218975
0 0.4286351018701528 0.3686617011079919 0.02064884328594587 0.05840353338609479
0 0.8060283279642437 0.2538827649106808 0.04780624092481389 0.027167905251991798
0 0.8023584273003136 0.2943941046441241 0.03155907220870695 0.05403428213245363