0 0.36875 0.56796875 0.02734375 0.0484375
0 0.37890625 0.53203125 0.0359375 0.04140625
0 0.3890625 0.49296875 0.040625 0.0203125
0 0.38984375 0.425 0.03359375 0.0421875
0 0.60859375 0.78359375 0.03125 0.04921875
0 0.38828125 0.57265625 0.0296875 0.04453125
0 0.36171875 0.42421875 0.03125 0.034375
0 0.38046875 0.43984375 0.0359375 0.02578125
0 0.83984375 0.87421875 0.03828125 0.02890625
0 0.5265625 0.82265625 0.03203125 0.03125
0 0.8140625 0.97421875 0.040625 0.034375
0 0.7859375 0.89609375 0.0140625 0.05703125
0 0.86796875 0.96171875 0.02109375 0.065625
0 0.775 0.69296875 0.01953125 0.07109375