0 0.28653375208729226 0.7765797324222075 0.04911030043684032 0.031162262820281582
0 0.5172856042921531 0.39712563461295664 0.047438697663298515 0.02640198821317572
0 0.5466860828250004 0.5873525283266503 0.03386781335461819 0.08039812944567011
0 0.770993792171806 0.5010298463569995 0.04525860182361115 0.03332407630251701
0 0.7852374769173267 0.47593995512450527 0.04424096248093754 0.023131438998963992
0 0.32365058595913254 0.6948053475998539 0.05359843189572917 0.05634419933804615
0 0.5958119542159033 0.4850665903611436 0.051344947663298515 0.026583924730940466
0 0.7745538968452086 0.4528106701783171 0.04821994766329851 0.02643837551672874
0 0.29583405727378526 0.6732192919755013 0.04302395459715278 0.03790241439185813
0 0.7404867149494795 0.39737615342909416 0.03314046153100705 0.04914812944567011
0 0.2058104289490284 0.7618943401562559 0.05036432912218754 0.05151115012383443
0 0.3236155247887159 0.7603575729927481 0.04227907218833336 0.039428527088305285