0 0.6508065528990672 0.30066317352788485 0.04883161312594488 0.03495767319868044
0 0.6481883290662521 0.14407219272821475 0.04060958944842134 0.027699102665567032
0 0.7201634976515128 0.31911530832590546 0.03668022362105354 0.06736099623907635
0 0.757382776590708 0.3115899648315385 0.028776718359381802 0.06557117570596294
0 0.789034594992442 0.2921640149106808 0.03259196309770971 0.06412233597251955
0 0.7958152160108944 0.25636290723054883 0.04657116311182748 0.049710494985435005
0 0.7083831054451984 0.21234247109974466 0.019811242036904986 0.07232964106622682
0 0.18388655047999275 0.5108933505539961 0.059678107864272925 0.0337134219450391
0 0.316440716222656 0.4654481214036785 0.04317314732681181 0.04493206677218975
0 0.17926693991429676 0.4692825120741939 0.04795935786427288 0.03337244114536908
0 0.16378688210649356 0.5603932453811465 0.044280621018452496 0.03716503087881229
0 0.12759177687305662 0.5906430350354475 0.04924884207925739 0.028730405251991796
0 0.4084685925027804 0.4305623075344826 0.03959312101845249 0.03702863855894449
0 0.04424938487850384 0.7048215438109361 0.05580965521931954 0.04763952962517113
0 0.4270567817112054 0.1517242536944167 0.028541499929412774 0.07492344365265158