0 0.41015625 0.30546875 0.0203125 0.12421875
0 0.55 0.86484375 0.0265625 0.10546875
0 0.16796875 0.41796875 0.02421875 0.13515625
0 0.98828125 0.77421875 0.021875 0.1015625
0 0.7796875 0.7203125 0.0203125 0.10703125
1 0.38203125 0.35078125 0.01796875 0.071875
0 0.575 0.83515625 0.02421875 0.1046875
0 0.184375 0.77421875 0.0203125 0.121875
0 0.70859375 0.48828125 0.0265625 0.11640625
0 0.64453125 0.16015625 0.01875 0.11875
0 0.7296875 0.5390625 0.0234375 0.1109375
0 0.7890625 0.05625 0.021875 0.11015625
0 0.9734375 0.8984375 0.034375 0.10546875
0 0.74296875 0.02890625 0.0171875 0.0578125
1 0.11875 0.6390625 0.028125 0.0734375