0 0.8501248033709633 0.5733760081110842 0.045621572208706954 0.05391593262955983
0 0.9080969055357038 0.7360902422827718 0.04161078307929138 0.035878998782184014
0 0.2328367885402404 0.41105409699517514 0.05409714754067192 0.033753437093786684
0 0.9016878242518104 0.7086373981269704 0.057617578160635216 0.10177673417168727
0 0.8125985740554187 0.8367566696373258 0.046361915592848746 0.04689831939903506
0 0.22081403239192032 0.49286715868357245 0.048782933645025485 0.060220479707460584
0 0.19215776726660985 0.5353313482129911 0.04961418061996339 0.06882786647693565
0 0.29747652634179617 0.5113910620921391 0.02999657220870695 0.053643197240056395
0 0.05910385187015284 0.35724548417168744 0.04857840056573406 0.025064229707460584
0 0.8698287701934759 0.6034044273479635 0.05651816559284839 0.04707559740221221
0 0.5907452581914235 0.5680673506453278 0.04242384933607006 0.041361385551659066
0 0.22674586982413372 0.4382887528393738 0.04405907220870695 0.05388865909060954
0 0.8034770623479538 0.6116203019425741 0.04016191256778647 0.055382975243233726
0 0.8155372216942866 0.8047799667152266 0.04714771077238851 0.04769320616851012
0 0.4335640172666098 0.5395451099808186 0.025368159542724554 0.06371762662320535
0 0.06791122530852386 0.3941142386359143 0.04783351200205255 0.03130059293798535
0 0.9118496611930444 0.9783186525911972 0.01738748789975162 0.034675008928453724