0 0.52734375 0.4698739298982269 0.0109375 0.05207192224974104
0 0.53984375 0.5063936267550737 0.01171875 0.056795809553294066
0 0.5078125 0.4955267473094036 0.0109375 0.054415672249740865
0 0.4921875 0.46120525123834516 0.01015625 0.05125428494618802
0 0.51171875 0.5363336838271684 0.0140625 0.053779971463952594
0 0.52734375 0.6058114298982268 0.0125 0.055269696856846906
0 0.5828125 0.8162074284504849 0.01953125 0.0641909325888232
0 0.58046875 0.920785766539826 0.01953125 0.0649721825888232
0 0.5140625 0.6458178457378271 0.01328125 0.05999358416039975
0 0.49609375 0.6715434377561097 0.0125 0.047457196856846906
0 0.47265625 0.46732681864952186 0.01015625 0.05281678494618802