0 0.9353736148727749 0.690625 0.03964517319868044 0.046875
0 0.3262259354058884 0.6828125 0.031005959092057722 0.0453125
0 0.31851140914592946 0.92109375 0.027258833465237144 0.05078125
1 0.3118451866595296 0.69375 0.017914925705962936 0.025
1 0.9177231136191338 0.6796875 0.01697455133278325 0.01953125
1 0.6653950501456493 0.4375 0.009866744985435005 0.04375
1 0.712301142386375 0.46328125 0.00917642319868044 0.046875
0 0.7023494808661772 0.45625 0.01277879631821861 0.06328125
0 0.9472036766303997 0.60625 0.034085494985435005 0.04375
0 0.6460994808661772 0.45625 0.029397994985435005 0.04375
1 0.3020513348518924 0.89609375 0.016784334718878392 0.03984375
0 0.6323217888628783 0.3390625 0.03564799498543501 0.04375
0 0.6658867951310844 0.39375 0.020659492478152686 0.065625