0 0.10362549063022611 0.22388642250267105 0.02773463544042354 0.06814236479078994
0 0.4022645411725191 0.6717262440943682 0.038463057181592396 0.03258681070710594
0 0.6971386204133089 0.0696479112395617 0.0392352168225127 0.03105159255827139
0 0.7193691861791083 0.4000447393698628 0.022188617388246713 0.05467014183263199
1 0.7301066982793566 0.3660516852861788 0.00871646984757497 0.021393850362819666
1 0.7149982861043535 0.05152539381636654 0.02512726502711473 0.022748019237293703
0 0.06429989109776431 0.31155754809323427 0.03764090056573408 0.025528278855940556
0 0.36622704722264326 0.6532837789407585 0.018327819183644855 0.0623462325768049
0 0.3893827460911751 0.6056647344757213 0.015997704722264316 0.06460813702330856
1 0.1178879785299777 0.2587524958236488 0.007939765027114642 0.02214781851165428
1 0.42720545383850156 0.6624430133316619 0.028270445745273952 0.025982146641955417
0 0.41960657727687256 0.6988889448200076 0.0385039637974506 0.03961806070710594
1 0.3598497821955286 0.6311905241314351 0.011201120413308896 0.045694445916316086