0 0.8703066678088017 0.604961134412578 0.039994939420186525 0.0579602032669877
0 0.2694435758707188 0.4566886858985921 0.046624371018452494 0.03801157630251702
0 0.9115378835373477 0.6672770438420373 0.051736076223654594 0.0990218509096227
0 0.2795235021367257 0.5087049501666158 0.0543003631259447 0.036031699338046154
0 0.8435243599304115 0.5889744154298246 0.03360843152767856 0.055325354838564246
0 0.07844757857214188 0.3919477514477421 0.0351632262518895 0.06864299214211718
0 0.5641252862670056 0.5800532954946673 0.042589318401734036 0.022241027088305287
0 0.3141106047393268 0.5376454334173928 0.037613392065139986 0.043824928659881836
0 0.7904672493647155 0.6329641639820827 0.04054867626600682 0.05409034057054072
0 0.7959646333961732 0.821500125106953 0.04598733418674961 0.027074076302517014
0 0.46193345471109193 0.5605285076529951 0.02041048151356133 0.06951413337461147
0 0.8172334176676275 0.7562732313932594 0.037196163111827475 0.05003854135632899
0 0.20739933120297782 0.3867250963615088 0.048125957836038055 0.06379282630251693
0 0.2102050837632266 0.4617978709686147 0.025598510452756518 0.07832620719592906
0 0.061290899675299014 0.3394777229116948 0.03131018415851472 0.05599744292790536