0 0.12495907299725725 0.6409813303560836 0.04353598428423426 0.06320911201270878
0 0.7521123860652079 0.5049339253193686 0.0490218509096227 0.04691195616851011
0 0.693749768406362 0.5828856014561067 0.04705909057054054 0.03829093262955983
0 0.17295777130184617 0.6848228336024945 0.040156273159363785 0.0576858149348082
0 0.0996487038906694 0.6639960905023534 0.054927248552257925 0.0563824135548364
0 0.8147365105484792 0.5537220271858077 0.039794554176610576 0.08343979139585792
0 0.16117043900347322 0.9043268100635441 0.048585203266987655 0.03753695616851047
0 0.7865815854032541 0.45314928286785056 0.054835203266987695 0.03764605032431163
0 0.7544710986378205 0.5550157459362197 0.05755994292790554 0.02910684740221221
0 0.05636527667852966 0.7539392520285949 0.05803728597964537 0.10639605032431163
0 0.15490547643086067 0.8541768055993174 0.054362168320799584 0.02748980032431163
0 0.40486489681857485 0.6411757938281946 0.04493366439185813 0.042937522321134305
0 0.9476282473139129 0.4536147073797355 0.05129282630251666 0.04539036647693564
0 0.9575875982235356 0.4076573250744874 0.04110018899896417 0.04443183847375849