0 0.6125 0.28984375 0.021875 0.11953125
0 0.38125 0.428125 0.0203125 0.11953125
0 0.09140625 0.44375 0.03359375 0.128125
0 0.82890625 0.79921875 0.03203125 0.1046875
0 0.74453125 0.2140625 0.01640625 0.1078125
0 0.80234375 0.7671875 0.025 0.10390625
0 0.7203125 0.11484375 0.021875 0.11484375
0 0.13046875 0.9328125 0.0296875 0.115625
0 0.65546875 0.94765625 0.0203125 0.10078125
0 0.92734375 0.93515625 0.05234375 0.11484375
0 0.6734375 0.92421875 0.01953125 0.1015625
1 0.0390625 0.51953125 0.0203125 0.0953125
1 0.71171875 0.19375 0.01875 0.071875
1 0.3625 0.46015625 0.0140625 0.07578125