0 0.20078096918769464 0.5201991457806083 0.057363870612255674 0.0409011358558109
0 0.64308344411487 0.3217532611631425 0.047025764185764984 0.03417810090962279
0 0.7562737659016247 0.3301544201783172 0.022980510424841328 0.06582620719592906
0 0.787038032594672 0.32141727501688144 0.029321438638086582 0.06924230562435252
0 0.31575275132014824 0.4942616920993359 0.041480457838416564 0.058105752481199424
0 0.6396582304039586 0.17060813812761327 0.04284672954602886 0.02462116439185813
0 0.7920581532069277 0.28331796153464606 0.04511392319868044 0.04891268899896399
0 0.17662440366914614 0.5707064139775733 0.04417354882550106 0.043407551695410974
0 0.011865123482828713 0.702581344499482 0.023730246965657426 0.05590755169541115
0 0.15220942537675847 0.6032085448709855 0.05005983597251964 0.031198650123834427
0 0.19309650132014824 0.4885488854415261 0.03502586935861447 0.05078340405277597
0 0.7153987133151999 0.3368560303935649 0.03545777837152997 0.06562715405277597
0 0.7041777199791174 0.2385448089296122 0.016199313011265915 0.07409247146395277
0 0.413164960412206 0.4534248304363461 0.02974733597251955 0.03025258023145838
0 0.05762904810058524 0.7349251176588458 0.04467365399835055 0.060595051695410976
0 0.42431437523110926 0.17778912965055788 0.019537261678482486 0.05474315798171734