0 0.04453125 0.309375 0.03828125 0.046875
0 0.65390625 0.3171875 0.0296875 0.0453125
0 0.6546875 0.07890625 0.02578125 0.05078125
1 0.66796875 0.30625 0.0171875 0.025
1 0.0625 0.3203125 0.01640625 0.01953125
1 0.321875 0.5625 0.00859375 0.04375
1 0.27421875 0.53671875 0.0078125 0.046875
0 0.284375 0.54375 0.0109375 0.06328125
0 0.03515625 0.39375 0.0328125 0.04375
0 0.340625 0.54375 0.028125 0.04375
1 0.671875 0.10390625 0.015625 0.03984375
0 0.3578125 0.6609375 0.034375 0.04375
0 0.32265625 0.60625 0.01875 0.065625