0 0.6102995293646168 0.286515157157657 0.04375215405277579 0.03555866439185813
0 0.6049655583149488 0.4512497452469983 0.049002580231458384 0.03112587551672874
0 0.686891954509842 0.3827308775881525 0.0527996683207995 0.02896406203449331
0 0.8306248378844534 0.3596657510379665 0.045532977874093564 0.040318938998963993
0 0.8221915996712778 0.40683184946638995 0.04971105562435234 0.029599762820281584
0 0.3626602801931863 0.5989574609199828 0.0423352032669877 0.038610889784752446
0 0.7983046435088059 0.33388665509074245 0.024822371587787016 0.064300094499482
0 0.2348563037668349 0.6984566548813455 0.050186244623316514 0.07327698821317571
0 0.1699376251069531 0.7365602764691327 0.0472410270883052 0.04351671360606986
0 0.7676903442945943 0.33843075992930666 0.020134871587787196 0.06408177067816449
0 0.2814744385891884 0.7352631420610638 0.021389156533975308 0.07427440798171733