0 0.37102462657582735 0.9856968414493028 0.04022575197716636 0.010534334718878569
0 0.9212381907965526 0.8789548156515625 0.03690709239534584 0.04399169239901042
0 0.27774954007479963 0.5777683326738143 0.030975427376317734 0.05162233597251955
0 0.5923864071475438 0.333178280549608 0.029875842395345843 0.04378710391920819
1 0.625253303877783 0.23757862404397495 0.012225427376317733 0.05107676669304748
1 0.6083788216722802 0.3225446574300698 0.018443593878220456 0.05047737311953817
1 0.34380821056821614 0.9896174633151998 0.016533583992388756 0.0036023731195381713
1 0.8999070188574423 0.8545458490376575 0.009421420950527093 0.02056255258642494
0 0.6181437994291586 0.2166667304704657 0.01573242935348418 0.06054269490629283
1 0.2614533780215211 0.6001434378466638 0.008975751977166357 0.009625052586424765
0 0.621258165056209 0.36988265868371106 0.03761008794672147 0.02294340650563296
0 0.9740355855496257 0.7733891257598347 0.02126484634967838 0.06226431927947225
0 0.6134509822426839 0.2934565510035791 0.040113005437207506 0.02691785266556703