0 0.8752585514435062 0.6538856684195098 0.03154311315559255 0.1418562633926806
0 0.6312923286295434 0.7784417889569305 0.027254861178426106 0.13241307954530476
0 0.32650537505577154 0.5982461797868908 0.02837169220506528 0.12150285308425506
0 0.4525678789729232 0.2241519350618965 0.030955522737412977 0.10827615016215582
0 0.2953389466908707 0.5422728693163095 0.032118774714579426 0.11766478693163088
0 0.3937989403022611 0.9085757536501526 0.029966025703162556 0.12231137662320535
0 0.47203812056996625 0.18467637783772614 0.03844968775644109 0.10060001785690745
1 0.6567579022418089 0.7328253258885615 0.020370849809719614 0.07842500892845372
0 0.020053809314990467 0.28140000446422686 0.02083110623551021 0.10888012215897858
0 0.8483061433073793 0.29897998010790705 0.027526775208870903 0.11992671631477991
0 0.2464557080967582 0.9884301645691338 0.021394838935304604 0.0231396708617325
0 0.03458720011373073 0.1590846737011061 0.04026685574121862 0.10687729139585782
0 0.23097140467608573 0.3420722719140972 0.03781035920125975 0.12322899431795716
1 0.915022752508639 0.4227135348964454 0.038721601786885884 0.0881136546263825