0 0.6002646621750032 0.3489175152203182 0.021843704624068393 0.1301348210325699
0 0.45831104985492194 0.9177977758848362 0.027980075135573303 0.11096759207925722
0 0.8501606439264346 0.47983910445697814 0.025809041958085997 0.14051858418674962
0 0.01166733313060504 0.7972845236775233 0.014680644417414008 0.10706904735504671
0 0.22150996574235826 0.7556184813723871 0.020957915494652823 0.11212056840173404
1 0.6294436229473916 0.39747611256124743 0.018400542056281922 0.07526531050922625
0 0.43313833303240923 0.8866541916980866 0.025627234776493778 0.1092685841867496
0 0.8358951734896847 0.8468522992094238 0.02182552390590935 0.12700982103256991
0 0.2927708456236369 0.520006476040128 0.028043707649130577 0.1219050920792574
0 0.3572044877033599 0.18481169966118158 0.02024029800821019 0.12301256577089817
0 0.2719816226528041 0.571121655007558 0.024886891392351895 0.11625433155591373
0 0.20736304810640607 0.06908944717152 0.023315301033272284 0.1146008262942418
0 0.02257808293421331 0.9275635578783904 0.03501132513557324 0.11137711575678075
0 0.25407896682251274 0.044475855021675476 0.017532933645025485 0.06037605787839034
1 0.9030548815315986 0.7117485280921491 0.029347132415361445 0.07746484734092932