0 0.6426715445234239 0.5774676428896334 0.029748508402957084 0.04115369292790536
0 0.6578270178316782 0.44995907299725724 0.026719008897248563 0.043351893713693815
0 0.6542802065767024 0.5550104460327866 0.03196492441056833 0.038137854838564064
0 0.5077647149424783 0.2056911503332315 0.023067426882026076 0.049419957195929065
0 0.6741788711014388 0.5439081261404104 0.03414950692008212 0.03434076674922295
0 0.14216493676785788 0.08887194727113162 0.02185509536109529 0.05794093258882323
0 0.6533278602270239 0.4932189214256807 0.039172587946721474 0.02365797787409356
0 0.17822445357377187 0.16703118052190863 0.0362385889353047 0.02819992865988179
0 0.41452670950527093 0.18420360215247705 0.02759575939154004 0.045732031017246655
0 0.6386950158545119 0.4414573682825275 0.024279758402957086 0.04089898180303493
0 0.6471269397707884 0.4755048825505511 0.036206755437207506 0.027418678659881835
0 0.23055361612134195 0.14502559388030947 0.03100726087441492 0.052908830231458384
0 0.2547537559686801 0.4123757597199097 0.036765170950527094 0.02198631596343468
0 0.2402350222431214 0.09447978432701554 0.03671609140676253 0.03991867865988179
0 0.23462966798477755 0.001137583850813518 0.030196835969555115 0.002275167701627036