0 0.23125 0.21796875 0.0234375 0.0578125
0 0.17734375 0.34765625 0.03203125 0.0609375
0 0.20625 0.35625 0.03125 0.0625
0 0.74375 0.47890625 0.053125 0.0390625
0 0.27265625 0.159375 0.0421875 0.02890625
0 0.26640625 0.3265625 0.04140625 0.040625
0 0.49296875 0.40546875 0.040625 0.0265625
0 0.834375 0.63125 0.0453125 0.065625
0 0.5109375 0.15703125 0.015625 0.0421875
0 0.728125 0.4515625 0.040625 0.02890625
0 0.75703125 0.53359375 0.04609375 0.04296875
0 0.58671875 0.43046875 0.0390625 0.040625
0 0.80546875 0.55 0.0359375 0.0671875
0 0.140625 0.2953125 0.0515625 0.09765625
0 0.95625 0.67578125 0.03046875 0.04921875