0 0.3169416327089901 0.29559157395768376 0.031986385551659155 0.04255112667090888
0 0.9041759947184037 0.8107394805458693 0.02064946509696384 0.06428976666931803
0 0.35055297361838056 0.25144158461968397 0.031945475243233726 0.04020737667090888
0 0.336926850241586 0.276605216621593 0.029642635551659247 0.04252385467059074
0 0.8688640117645322 0.7126928792170963 0.03597445616851012 0.047284080004772376
0 0.32729848011120233 0.3517324859564111 0.03785455600635439 0.02074885200509069
0 0.3463757625786064 0.3702643099538657 0.041747169236879246 0.020013055338954276
0 0.7588538120888438 0.7671087538988228 0.04226536647693564 0.04970055533895419
0 0.8106930016182625 0.7375934292250503 0.019032418019063257 0.06114658533577248
0 0.759810160301835 0.956198525899141 0.032136390015886106 0.0511448766709087
0 0.32702179058178366 0.3806478266231838 0.03316705600635448 0.02069430800445433
0 0.35307577597128703 0.395972834619684 0.03727785754848201 0.03245851133831792
0 0.8093601469091544 0.9298354732256868 0.03561990016215581 0.026971580004772733
0 0.5796515073003053 0.7074626759230036 0.03753695616851012 0.04730226133831792
0 0.4890753258885615 0.621780261935094 0.015057984171687267 0.05719488200190899
0 0.8286542487788887 0.5131201405554142 0.01990912540538936 0.06662442600254544