0 0.3116988363981856 0.527884341449303 0.035503479581579976 0.0556649782923877
0 0.33431542478010573 0.37191548627645343 0.042978673683797375 0.023883780878812377
0 0.3489235618034143 0.3558813093168493 0.04303323738612832 0.02544628087881238
0 0.34576879075202205 0.42387279137016065 0.04615823738612832 0.02553720909205772
0 0.3342732408446893 0.5295688619032741 0.038355661069925696 0.04794340650563296
0 0.31746523067788834 0.3404070735026143 0.03705605589778251 0.0330769244523216
0 0.3219294974681112 0.48075928886287816 0.04072669292109108 0.04879285266556703
0 0.5967384913928434 0.7240700535108615 0.04304316106992552 0.04807979882550093
0 0.878052945661862 0.9375341937856657 0.02508433475372307 0.07019047954602868
0 0.32319193022240134 0.24346387734268027 0.031478178493120804 0.029792800079142267
0 0.8461159540993825 0.846369636184676 0.048911215153609786 0.0373241552519918
0 0.49030495291825604 0.7771161486545812 0.022703379218760134 0.04670751543940614
0 0.7837697215225776 0.8661342183962718 0.02215030771188111 0.07556830133278361
0 0.8381447082757336 0.9628895464512326 0.053134923683797554 0.024179297571859593
0 0.8010911746952877 0.683003469649913 0.04102679328391083 0.057386602665567034