0 0.76796875 0.71171875 0.05234375 0.0265625
0 0.209375 0.440625 0.04140625 0.03203125
0 0.08671875 0.1125 0.0296875 0.021875
0 0.7765625 0.66484375 0.04296875 0.02578125
0 0.21015625 0.4875 0.02890625 0.06328125
0 0.371875 0.49296875 0.0421875 0.03125
0 0.240625 0.46953125 0.01796875 0.0625
0 0.2953125 0.4765625 0.04453125 0.04375
0 0.984375 0.96171875 0.03046875 0.0453125
0 0.2828125 0.40390625 0.0265625 0.059375
0 0.79765625 0.784375 0.05703125 0.0359375
0 0.37421875 0.35078125 0.03671875 0.02578125
0 0.953125 0.9171875 0.0453125 0.03828125
0 0.79921875 0.75625 0.04765625 0.03984375