0 0.5631663744281254 0.6328125 0.02874324905006951 0.0265625
0 0.8569891096104867 0.6359375 0.03820916802802081 0.03046875
0 0.7334061392457644 0.6296875 0.012646123575104085 0.03984375
0 0.6976861915824658 0.60546875 0.011101807370694416 0.040625
1 0.7441618012898615 0.621875 0.00844893284565984 0.02734375
0 0.1924233422273966 0.91640625 0.03172277868534721 0.0203125
0 0.3470705553739242 0.71328125 0.038100065254479176 0.02578125
0 0.6427246282278476 0.5265625 0.015153527735416717 0.046875
0 0.36920143493295204 0.79140625 0.03873584488975697 0.01953125
0 0.8411816184442019 0.59453125 0.030487587005972115 0.034375
0 0.33673769310107715 0.97421875 0.01853244766329869 0.02421875
1 0.33758645260038256 0.70859375 0.01831424211621533 0.01484375
0 0.7183266531134728 0.653125 0.016352351823611146 0.03125