0 0.0621888442679045 0.590243204918656 0.025640870315113064 0.11030169574527378
0 0.49385089296348567 0.9197518802740621 0.019499954624068394 0.12901533430895534
0 0.7722218535394825 0.74157584153743 0.021916427496705283 0.1415289698475748
0 0.07799617233034398 0.4245318465073996 0.022479508878794574 0.10403351502711473
0 0.9048308622218855 0.5072185013747421 0.02338347872636959 0.12513181020665448
0 0.03869277781473411 0.4661653554843902 0.024110186571891713 0.11576135538619425
0 0.46596224229955574 0.8792905067374953 0.017732921544777014 0.09384999394987581
0 0.4866656277399793 0.8119848320694603 0.020267569085449112 0.1266761294884951
0 0.37223042301771503 0.8767109282822723 0.034280072110511206 0.11816419272021186
1 0.5174474742473791 0.8922717748878679 0.016106789031219648 0.08290340359079629
0 0.2552242093184603 0.9805131600337038 0.015834078258831142 0.03602840359079629
0 0.5858813952029809 0.4090774798065239 0.022343153492600364 0.08059601502711455
1 0.7851081938003663 0.675096868664793 0.014535198672140126 0.08133181323171641
0 0.5524694523845733 0.3780229225267357 0.03897211729005079 0.1189727137974506