0 0.8504200972929666 0.6240648842692952 0.026617563035324567 0.1445001577592741
0 0.5965315071302787 0.7479496989964208 0.023433475701307317 0.13425297954602886
0 0.29444280806535517 0.5610046623116208 0.02493234318774995 0.1233609436526514
0 0.4404154008603216 0.18315611012090743 0.027198825135573302 0.11014788981258557
0 0.2658638109922214 0.503913576339101 0.028815867290050968 0.1195683539192082
0 0.34886110071081217 0.8774851201500372 0.02572268354682965 0.12494617570596275
0 0.4625267501963918 0.14316760761362496 0.03496587334017516 0.10256271034569897
1 0.6241479679026674 0.7018703208623178 0.018432358313060605 0.08021033722616089
0 0.003380145468267124 0.2360511602665567 0.006760290936534248 0.1103835705331134
0 0.8392341750608185 0.2635221893630025 0.02336075282867043 0.12175297954602886
0 0.19436397737063701 0.971707256977328 0.020671569183644857 0.05658548604534417
0 0.018386515857027073 0.11226431927947218 0.03677303171405415 0.10888090650563301
0 0.21000976249303188 0.2999103864473733 0.03432097872636941 0.12597747829238762
1 0.901788196334449 0.39036348568122103 0.036455650467538445 0.0901081744523217