1 0.3438151931762761 0.8228087361970167 0.01189602800317724 0.010633752471457925
0 0.33044026013967914 0.9510783162350727 0.0175147824674041 0.019450336958138338
0 0.775940126212873 0.7116019111390575 0.017033541395857908 0.03660600346004124
0 0.7888219557581778 0.7339862471086126 0.02947899431795715 0.03399033942959626
0 0.5184685454497523 0.7206281067669829 0.025340919236879245 0.020549921939110226
0 0.6714571777550006 0.7190549723940333 0.011496607548481919 0.03247691897336082
0 0.3547254196373258 0.8216919051703773 0.031468188311602675 0.013773339923887563
0 0.7033481059203336 0.757047062317921 0.01595228246740419 0.01938666996194378
0 0.6187491891190863 0.6513289615196183 0.010084112012708956 0.041007001977166266
0 0.7013628660666033 0.7327646453217266 0.011414786931630871 0.027789418973360826
0 0.34423220454036185 0.757247403193211 0.0244778486200282 0.01583058844101313
0 0.30124368384078526 0.9779936433073793 0.01829603246740401 0.01948217045623544
0 0.2078970584353958 0.9078310405319101 0.023723872158978577 0.01736125494291585
1 0.7114645689887027 0.7300534807969902 0.011251145697928778 0.018414418973360824