1 0.3141964531727101 0.1971490975998539 0.012073414065150523 0.010702059553293975
0 0.29309772477225654 0.06200996422524241 0.018650796279135663 0.020368157981717337
0 0.7696428997219983 0.3517383217498938 0.01846974700477517 0.03751927067816441
0 0.7829142260382008 0.3297370432138465 0.030887901451278666 0.035757717535011314
0 0.5009648215916972 0.3189449766312392 0.026490578130301045 0.021513281017246654
0 0.6614211719545169 0.33499812385958966 0.012891869600113282 0.03413955955329388
0 0.325969766875041 0.19925740715314783 0.03324900961864685 0.014028266749223039
0 0.6920883293962455 0.2974275033052597 0.017088296279135662 0.020295383374611474
0 0.609888443005909 0.40045614991443756 0.011629469962933214 0.042660534946188024
0 0.6914261304847046 0.3231359786981538 0.011919646641955417 0.028634422249741043
0 0.31891372422410236 0.2652270095105127 0.026326887023308564 0.016825781017246653
0 0.2608382962791357 0.03164822208312525 0.01943204627913566 0.020404545285270293
0 0.16792659918169334 0.09595897104966795 0.024791668874473993 0.01753425641014079
1 0.7016915078893663 0.3267340136443419 0.012373514427970278 0.019295809553293887