0 0.7119444061757843 0.2675731728745827 0.01461806070710594 0.038590374525034755
0 0.18099453965571372 0.025450675627465124 0.031178078130301136 0.021021668028020857
0 0.6226239566312712 0.3664483903895134 0.012492565516429365 0.04478582313826394
0 0.35203867123672666 0.13465875541524275 0.03572916887447395 0.01722452080156254
0 0.8259796243246189 0.26569958871840205 0.035438992195451394 0.03126883700597229
0 0.5352727787711224 0.27480771067798565 0.02888889183263199 0.022529616641249993
0 0.6768055143431523 0.290248259880555 0.014590778855940557 0.03780912452503475
0 0.7017980798595816 0.24517149601284666 0.01647073738612832 0.024582425911805574
1 0.72182783766413 0.2751492835319091 0.006396332939624471 0.026689786569131967
0 0.8099627547245053 0.2996388308346174 0.02625496515360979 0.03651938145888885
0 0.3330952090783419 0.2076968651226386 0.02786210517214318 0.015480182845659751
1 0.33563242123672665 0.1350406151226386 0.012100695916315995 0.01121025693385418
1 0.3210763587155222 0.2165633720564928 0.01684275961864685 0.012881859707395815