0 0.756145771258449 0.17611776967616208 0.027585944681858442 0.059081750904511135
0 0.8032343319088495 0.3037204692466208 0.0355804552052021 0.06261618668015992
0 0.7738275529696543 0.31382913161652115 0.034890210466874017 0.06413774310259504
0 0.22601313729757827 0.4655995872914153 0.05540013154179624 0.041846663274411534
0 0.7181977212019792 0.11891277928710049 0.04387109734092931 0.031117203188503327
0 0.7146191529414194 0.2873352306665815 0.043772386803468066 0.04279500961093845
0 0.4818983872269911 0.3781970053155253 0.042172089448421345 0.028691566033373483
0 0.12568837165373706 0.6235149858665058 0.04913472099021767 0.06799972749876275
0 0.47844497646365103 0.1299199575995174 0.018082142065139983 0.043006371551297516
0 0.2432307293768356 0.43743696574011787 0.04230859734092922 0.031035316033373662
0 0.20954670313906357 0.5209831281100182 0.048596394695975854 0.04538442107632754
0 0.3866923030402415 0.4081102346233104 0.04142863680346807 0.042672178878243726
0 0.1601081452606732 0.5407091299190405 0.0398507262518895 0.06907090456798422
0 0.8430472608056924 0.24867112110107162 0.05725032885449046 0.10035852611928178
0 0.008553089783710489 0.6744743775441913 0.017106179567420977 0.05081554952503016