0 0.5345449311041558 0.5257092446844748 0.022435713097709885 0.06426389586155708
0 0.5459613022637827 0.4141509469684669 0.021335944681858267 0.058754202283992106
0 0.5676920890954855 0.4261939235627185 0.0246429552052021 0.06204297659425162
0 0.510370954711092 0.6054443323145743 0.015867194681858442 0.05846759724103805
0 0.4940494627447741 0.4589411465389256 0.02459745257436623 0.061261726594251796
0 0.5347654680064459 0.4626327125722991 0.030665442051022396 0.05846427521477064
0 0.5407101730704736 0.6716801639517801 0.015685184158514786 0.05534259724103805
0 0.4374835464374135 0.9885689343053107 0.025894642065139806 0.022862131389378603
0 0.5073993312029778 0.4206975180902231 0.023914913111827474 0.04954297659425162
0 0.5210501204537552 0.655072518090223 0.017558497298576902 0.07413354081860284
0 0.45444499133103333 0.8353941039113003 0.02205628149944392 0.0844945087064275