0 0.06380305337784756 0.31137152041842003 0.03838655007914229 0.031778278855940555
0 0.09882525956691145 0.2249057415624795 0.02773620658477529 0.06808780108845909
1 0.11368338143280836 0.2517584182415018 0.011020068025830953 0.030042164065150524
1 0.36706341184940233 0.6010862625290537 0.01305994114536908 0.04650297776748147
0 0.39524223614343945 0.5750768340359329 0.01748902837152988 0.06460813702330856
0 0.3747766234487425 0.6242782258685649 0.018156618104973175 0.060729168874474125
0 0.41373983504808276 0.646378915161459 0.03617919239901042 0.0363839333024444
0 0.4325042069139798 0.6730951825846541 0.037991744985435005 0.04503224700477517
1 0.4392255683550353 0.6353223640729998 0.025014371865896834 0.02818948738612832
0 0.7263545291629527 0.34375982433246804 0.02353443989172792 0.05779514183263199
1 0.7380589072970558 0.3159795647138212 0.011042800079142268 0.030823414065150524
0 0.7010911385589443 0.013293604929082072 0.03746890775927412 0.026587209858164144
1 0.7192728372261608 0.0023102203104352266 0.024877979546028862 0.004620440620870453