0 0.676937955397641 0.38984375 0.03042929757185995 0.05234375
0 0.02940973753009468 0.35859375 0.040471887305303114 0.0484375
0 0.32389054559330277 0.709375 0.01762542069139794 0.06875
0 0.33522050217807803 0.6421875 0.03818196159934022 0.0234375
0 0.6890959407496577 0.10625 0.038772994985435 0.04375
1 0.04357152593075446 0.38203125 0.018673443652651556 0.02421875
1 0.3218339520989358 0.67265625 0.020940637305303156 0.0484375
1 0.705510550937072 0.1328125 0.022784282132453627 0.03125
0 0.9552868935735093 0.00625 0.04567621285298138 0.0125
0 0.014933363552626708 0.4453125 0.029866727105253416 0.04375
0 0.34768574676780173 0.75078125 0.037506011678482484 0.05390625
0 0.2789250380714554 0.64375 0.016040188638086584 0.06796875
1 0.2706268047645028 0.63359375 0.012324155251991797 0.04765625
1 0.6922590785171792 0.3734375 0.017065479546028862 0.02265625