0 0.6144038246773361 0.2865411012492311 0.024988137580254133 0.13385737933640893
0 0.8679907004897626 0.3913809532145509 0.028976208197104825 0.13859033267027251
1 0.6400526611224997 0.3385757685789586 0.013150610794892792 0.08216761000159085
0 0.20121666315438985 0.7334466573042742 0.027059152190750703 0.11825965133672725
0 0.439523412343611 0.8634592319382755 0.02832164326229698 0.10109033267027243
0 0.2605349362863031 0.557010879296638 0.02161767572970099 0.11975851666931803
0 0.21261304829571664 0.03709946331954609 0.021648903408566688 0.07419892663909218
0 0.28033496753589116 0.49663645329409273 0.02233074188232518 0.11586135733609079
0 0.840723448057426 0.7900548105506416 0.024919953732878496 0.12995112933640912
0 0.41013592127206466 0.846617177275639 0.03624323741809832 0.10743123933799978
0 0.36012720211132043 0.1317194306174568 0.020205180193927853 0.12833408533577262
0 0.004654459824429636 0.9311045493316363 0.009308919648859272 0.1096568106699543
1 0.9225479667251122 0.6219491532065968 0.024855724025417913 0.0815227200031817
0 0.2575806749189221 0.011833561316443959 0.018432400162155815 0.023667122632887918