0 0.8527243668015991 0.36900031499443925 0.03249267469437243 0.1444248341867495
0 0.5382346573930594 0.7884056784733199 0.03147240728151779 0.11009533681758547
0 0.0761883587725404 0.7552636236492886 0.04179243159177726 0.1138118710184525
0 0.5920314490046318 0.18012971786527157 0.028753521030899166 0.13252407366340585
0 0.0731342005865115 0.622678636803468 0.032294600859082624 0.11092208944842134
0 0.8725167248967711 0.6723528281486189 0.03299064167768577 0.12420333944842135
0 0.31501964891377476 0.3337882549793232 0.02431500452255575 0.12214031050922625
0 0.5250485826532586 0.7300016442724528 0.028842052238563554 0.1044900789250777
0 0.10872754183465569 0.6925129946677411 0.02888299581612852 0.10527132892507787
0 0.27335885063194 0.5494440760824804 0.02933337516934209 0.11386507892507769
0 0.3297947998637144 0.27389731548854945 0.025918448100120627 0.12301256577089817
1 0.6183416434867078 0.20658580205202118 0.02000596279944169 0.08450380261671846
0 0.34427562245580867 0.05977390230613494 0.03855124491161739 0.08168961575678069
1 0.8786228827441157 0.5808023649803218 0.018938107756487455 0.07898954998588259