0 0.4954651447299033 0.4092931198722913 0.018531994007106256 0.055832425911805574
0 0.5180605189947343 0.4971561425737149 0.0186548247398008 0.05817617591180557
0 0.531853024083117 0.4170504152751384 0.0192313568519765 0.05428810970739591
0 0.4771655240831169 0.41832328096645793 0.017051381162236014 0.057358558320624906
0 0.6204197156245168 0.793575241263194 0.022557752713533573 0.07309266109416654
0 0.5116157671857119 0.4488095615516663 0.0231376068519765 0.054379028685347205
0 0.5455923767512217 0.5747356287060066 0.01557076831736559 0.058884690729444425
0 0.522264419378847 0.637072627756076 0.02462154172311415 0.038027330072118205
0 0.5368658299397252 0.6171777018442703 0.022847679782755037 0.06373584488975688
0 0.6333435187675915 0.9207735208984718 0.03345763116223601 0.05774041802802081
0 0.5478808158062309 0.4542231069545135 0.017174211894930735 0.05970230832062491