0 0.8476584085247133 0.386758544086519 0.03962574400710608 0.05675099700477508
0 0.27241382632168054 0.5405704694147789 0.0456334045679843 0.037465283665263985
0 0.8810607287419583 0.3247595410912941 0.05112981004047974 0.09770337921876031
0 0.2767018566248338 0.4884722560752678 0.05410432383528967 0.03542163402808356
0 0.8227779172311405 0.4030457429980599 0.0332938568519765 0.05497024219545175
0 0.09106532903521396 0.6067609206885726 0.03473020409301446 0.06749752404661713
0 0.548924337402957 0.41531753138782934 0.04168953301668665 0.02173115626060209
0 0.3072181942549334 0.4606845619730503 0.03732625961093845 0.04263393330244423
0 0.765961351197767 0.36051101341647995 0.040202276119281774 0.052872028855940556
0 0.7507070861597616 0.17360129045832196 0.0450601944820761 0.026527783665263982
0 0.4501526447299032 0.4352629544386545 0.019968341248144127 0.06854166887447395
0 0.7790644595200813 0.23853680969561566 0.03687255823145748 0.04885665145127884
0 0.2191493854576491 0.6104538942797026 0.04698454262762519 0.06324653366526398
0 0.2136972455889859 0.5361805805773718 0.025106220601357875 0.07729910998146661
0 0.07978699230962553 0.6593948473675948 0.030950106851976432 0.05488839664195542