0 0.484375 0.33134612179718415 0.0109375 0.048946922249741044
0 0.5046875 0.4679000519048081 0.01328125 0.05452483416039975
0 0.5015625 0.35632685111901974 0.01328125 0.05608733416039975
0 0.565625 0.09006184222767963 0.0171875 0.06564427067816443
0 0.57265625 0.18270310649570326 0.02421875 0.06284675641014079
0 0.48203125 0.5361427837078431 0.0125 0.05292594685684691
0 0.53125 0.49166288358400845 0.015625 0.05229024607105863
0 0.51953125 0.5304899431373025 0.0140625 0.05065497146395277
0 0.4984375 0.5064724003332315 0.01171875 0.05210830955329389
0 0.4625 0.5300212162966662 0.01171875 0.051327059553294065
0 0.5171875 0.3970053550479612 0.01328125 0.053743584160399746