0 0.12739682125802923 0.7798596959416656 0.029321438638086627 0.06812783128389341
0 0.4129907111371218 0.3367171873574586 0.039213264185764984 0.0322539637974506
0 0.7325569973597036 0.9537127480550925 0.03994905007914227 0.030696008976990187
0 0.7431629105957611 0.6200008233870573 0.023466243731793845 0.05481476502711473
1 0.7559046029947714 0.6550888956939602 0.00923024749271768 0.021924996974937903
1 0.7518525666391758 0.972353663746137 0.025636497492717503 0.022020445745273776
0 0.0841803671805364 0.6910335452777356 0.038204693652651556 0.024436918617910842
0 0.3767720663099713 0.35411831079582967 0.019764582211595893 0.06182328912941557
0 0.4024002036152744 0.40241491023009557 0.017511760424841327 0.06493465359079612
1 0.14043637885901888 0.7446216327099491 0.008448997492717547 0.021920451795397967
1 0.43904474577685787 0.34594219643264496 0.028852425705962758 0.025163626463433175
0 0.4293825892712249 0.30927344340758284 0.04017637061225567 0.03850850897699045
1 0.37115856380268886 0.3760296722321481 0.012278691145369081 0.04615738251355737