0 0.6568290397448875 0.32437951778056695 0.04575211575678075 0.03692314732681172
0 0.3050103925592501 0.49672787073610386 0.043673676266007 0.05470988680346807
0 0.9354446763365942 0.0764326543722735 0.0574708657567804 0.037605686789350654
0 0.33511512151256273 0.5047524733387049 0.04740562101845249 0.03857665258848364
0 0.3090384689240791 0.5486998944136271 0.04744341837349921 0.05259364995764777
0 0.3348589743269253 0.6975770101704079 0.046078339448421435 0.02915614995764777
0 0.33951565322376814 0.6445430154320797 0.04409090521931951 0.048505389434303936
0 0.3170113216678545 0.6675331943995098 0.04626034997176518 0.03228114995764777
0 0.8876911738469324 0.22337627283047728 0.05099335260260105 0.03333541574266326
0 0.2962137032802379 0.7015973812594476 0.043689086817585474 0.028238392065139804
0 0.5137692844832157 0.31761503633759275 0.025105686789350656 0.05674282366340595
0 0.8289987133094714 0.20819932288694704 0.018756976251889414 0.06805204998588259
0 0.9360670316406182 0.11958341489561722 0.03635399992941259 0.07608435786427292
0 0.8495401845114505 0.36695967285871217 0.04337056840173403 0.022769642065139893
0 0.2943411191640755 0.8010436444136271 0.03440509207925739 0.02925486049510866