0 0.18795623372555864 0.31491411363756194 0.04770001235728971 0.05938468262955983
0 0.21531457117798855 0.3339817134754061 0.03763926285158128 0.06155115462638268
0 0.26978189528454555 0.2892498660731939 0.042167595361095246 0.057726725243233724
0 0.8367796887822052 0.48574957589844736 0.05256392589344294 0.04463639001588611
0 0.1433666339158391 0.23751186241974595 0.05507877224312141 0.10635514001588611
0 0.7865940049800969 0.40531778206695757 0.043938342395345845 0.043705135551659245
0 0.24429778114036999 0.14349703531007316 0.040032092395345845 0.04363695170428335
0 0.8299911779077904 0.43426889651529843 0.05742783942959626 0.02988809740221221
0 0.5096694076418353 0.34369803815274225 0.04983817391627667 0.03522047970746058
0 0.26353060079830276 0.07827145576476839 0.046331171939110224 0.025790932629559872
0 0.8944277041052444 0.5574512520351854 0.04916701186299797 0.05706820616851012
0 0.9042391028126502 0.47206317695410754 0.027497600304010918 0.08089148985373029