0 0.223430131750649 0.5307629520324288 0.04104415145127884 0.03553433471887839
0 0.2265080025318887 0.48453280971256074 0.04484127404661713 0.032522994985435004
0 0.3562872717691824 0.5057820209161895 0.05327133293962456 0.02808554757185977
0 0.4332292284852716 0.4472360835317441 0.04715774219545175 0.03180994114536908
0 0.4395759761230189 0.6065883514784328 0.04486855589778251 0.03330424498543501
0 0.2584053324762884 0.5469502416867298 0.02651042549789597 0.0663296936526514
0 0.7389335583448533 0.1763563160472739 0.023658244009550345 0.07405126543940618
0 0.8444295901960187 0.17406873885024293 0.04821181070710594 0.03964517319868044
0 0.2915997783926044 0.5569329954476535 0.027554570325752793 0.0515314077592743
0 0.6564434952754945 0.29997332396483267 0.042879469962933216 0.04339229882550102
0 0.04737115107276068 0.8862413768804618 0.03282242368379741 0.023588264185764984
0 0.787356189377712 0.26410035695521616 0.050337305897782514 0.03346336935861442
0 0.7905059820286506 0.19753498258203678 0.05409971215838496 0.0741565655185485