0 0.6219384188265469 0.6856503169601078 0.04100682954530477 0.022584112012708955
0 0.6380701590873142 0.5359775994275118 0.03139605032431163 0.053656834009531626
0 0.6089435409855255 0.7018247418790299 0.04100682954530477 0.022584112012708955
0 0.6138650458567894 0.5363361095737815 0.03750968262955982 0.04595342816533297
0 0.6062900994275118 0.6392974683400795 0.044227286931630874 0.028107409090609537
0 0.11316602191409726 0.2190966477265238 0.045076720779006776 0.03202729586008468
0 0.4536876562479405 0.30860875567874757 0.01967730032431163 0.0534522824674041
0 0.627909954947399 0.5803179346548595 0.04067559293798535 0.04835172524323354
0 0.6365327528360785 0.7163645288106608 0.03870398985373029 0.024886951704283435
0 0.06182784415580136 0.0073273047885384305 0.04395455154212755 0.01248240909060952
0 0.16264564488385475 0.36913360389503397 0.03823638555165916 0.0428420649348082
0 0.3481331314911741 0.3465979050301245 0.04060740909060954 0.04444547524323372
0 0.10555629910649558 0.09634494034019761 0.05068183847375849 0.039935253246410875
0 0.07881256696340305 0.13024265340856667 0.024610262174864617 0.06759660308425511
0 0.6389231416341485 0.808565665580136 0.029397173701106106 0.02862956047058134
0 0.08731876785690748 0.035888681411743874 0.04271933400953163 0.03120513555165918
0 0.16988362621616834 0.2021233818982112 0.01677048863591426 0.06589773538950343