0 0.29386766232494355 0.14318734375205958 0.039863020678164496 0.01786933847375849
1 0.2768984861462611 0.13879985268051329 0.032940932588823205 0.020090357548481964
0 0.26191984139911006 0.25927599391421535 0.03666524607105863 0.01625229139585782
1 0.24872848263160446 0.27433793222581804 0.022258143713693633 0.025368192775829534
0 0.5962754549241267 0.5555377447282895 0.021134445409104786 0.06828239569792896
0 0.6794433275453713 0.39562122808919803 0.018771424730940466 0.05106762215897857
0 0.7036791941707597 0.41159110146599265 0.017609185070022626 0.0596340986200282
0 0.6588546916895603 0.4521848737871269 0.017863896194893057 0.0651028486200282
1 0.7173050465281245 0.4207206396154396 0.00999573821317572 0.04701136769475163
0 0.5332404156347124 0.40051505398105486 0.03757492865988184 0.03578354139585791
0 0.8753380244022182 0.3797120357204055 0.04736730562435269 0.02814831939903506
0 0.85469373056469 0.45423079464885924 0.03921020326698752 0.0373733149348082