0 0.6190537911514411 0.33658753254888263 0.04253425641014079 0.025905925399151375
0 0.6066094491331585 0.319159952016535 0.041226467535011226 0.031311008402956995
0 0.604963404262173 0.4884365340317574 0.03912031203449331 0.05305867441056833
0 0.09386946898726256 0.9646461373386991 0.049203787427387444 0.0519100098858317
0 0.6188653924753487 0.44108403156029946 0.041172963606069854 0.046904174904859805
0 0.14554759305624915 0.8596111274528674 0.02883778349844599 0.0666755054372075
0 0.6285464534763847 0.4843565290888415 0.033687949338046155 0.05361708992388792
0 0.04290843652227384 0.9370914817112113 0.02860234305173994 0.07836242193911006
0 0.6039702925991831 0.3925656185184378 0.04796661910658777 0.025347509885831697
0 0.34016023387445876 0.7160017544114432 0.04280823821317572 0.04853034190105419
0 0.6406398467757936 0.3084161115983556 0.03277826674922295 0.03408583992388783
0 0.08183184946638992 0.8380345577949347 0.045096330231458384 0.030688925893442943
0 0.4314722845364125 0.7645254846397798 0.03281465405277597 0.034867089923887915
0 0.1514830316409284 0.6652072114452562 0.03005568114108117 0.07608233893530461