0 0.7158931844611803 0.2570229811793532 0.048329050436840326 0.03112587551672865
0 0.47019163943958286 0.6319351282028158 0.04665744766329851 0.0263656009096227
0 0.4495375665856594 0.44405198448912203 0.03306837955902786 0.07958049214211727
0 0.22308220972805515 0.5297025783694316 0.04524041802802081 0.032542826302517015
0 0.20765657826916623 0.5540112196019259 0.04424096248093754 0.023131438998963992
0 0.6757026359242012 0.33727125330525964 0.05359843189572935 0.05634419933804615
0 0.3963560555677426 0.5448118097581818 0.05054551386770836 0.025766287427387447
0 0.21728549819704815 0.577140504548114 0.0482199476632986 0.02643837551672874
0 0.7017923572388539 0.3588209216260593 0.04302395459715278 0.03790241439185813
0 0.24886150009690916 0.6317937712973369 0.03314046153100705 0.04914812944567011
0 0.7953261113229165 0.2716719861417519 0.05036432912218754 0.05151115012383443
0 0.6779749571626039 0.2732451406088126 0.04226088839274311 0.03864727708830529