1 0.5290590632082985 0.6696656157882288 0.03165279172311415 0.03819098423243048
0 0.2220156043655856 0.4388215381846526 0.02922383254171699 0.051399499050069505
1 0.20720947591688313 0.42356021409645817 0.017593613749381377 0.023038109707395903
0 0.31197437754419133 0.03253386417270807 0.03942767017181659 0.022766005983923643
1 0.28615218396662645 0.03391517942718726 0.016525758706427317 0.01755117591180557
0 0.9142827487568045 0.2276345846343395 0.017501760515449404 0.065952308320625
0 0.5574640241987179 0.6338911167381592 0.039468613749381376 0.023547255983923775
0 0.5598376724351241 0.7672666611910759 0.016021147670579338 0.06747844072944442
0 0.8597357688831926 0.12200348689479094 0.03703633254171699 0.05158133700597225
0 0.5441993843300545 0.7083280722852425 0.04362052521477082 0.02832567496187508
1 0.5647675118742459 0.7476444922131245 0.012036332541716988 0.050999455547083274
0 0.5448921031223902 0.6802212560808328 0.025235695386587053 0.049746080072118025