0 0.9795666316870355 0.5854646152195478 0.04086673662592908 0.044750108757465414
1 0.7051687158713998 0.46757382608496467 0.01715278366526398 0.044113675911805574
1 0.9592064298438832 0.5773800114960757 0.020912700725639156 0.017660278685347208
1 0.36071688845888894 0.9032821220564926 0.013945938111767652 0.0416971907294446
0 0.37309040288685924 0.9217593651226386 0.017408244009550256 0.07378299211621524
0 0.7444221888295579 0.47213338630545076 0.018725207349061357 0.0667881097073959
1 0.7593477843830542 0.4741316441892355 0.015027288474587407 0.050309124525034755
0 0.6415377470895931 0.3470807945498259 0.0226860210513923 0.06844152868534721
0 0.652353739918017 0.500078507980694 0.024893361795565026 0.06458983007211802
0 0.9734747717691825 0.49338621799308946 0.04196181070710594 0.039226807370694415
0 0.34286964563046507 0.7504480627859372 0.034040183302444224 0.03591996941479181
0 0.7004886503549705 0.4231153112673258 0.021150802902557685 0.06918641109416672
1 0.32280268229095394 0.7579520914712845 0.012155259618646852 0.012772756933854268