0 0.5683988196874884 0.407270183173657 0.04133562944567011 0.03411937245580869
0 0.5634651089769026 0.5636430139063515 0.04580480562435234 0.029677533921197964
0 0.640522068654031 0.5065951537750149 0.04960189371369381 0.027538501809022266
0 0.7764424520286426 0.4972721426937383 0.04308006596343468 0.03810750961093845
0 0.7688996257261256 0.5415167876507841 0.047294531017246656 0.028196921076327718
0 0.3348049538906694 0.6808803443003619 0.04066354135632881 0.03642217887824373
0 0.7456119830458892 0.4698122060135784 0.023077935070022627 0.06043953301668683
0 0.21428693858918843 0.7630610012431955 0.04687930810555185 0.06948034034363318
0 0.15338367183996543 0.7927617893482649 0.044006865177646445 0.04127345318850324
0 0.7173414338316775 0.4714632372212429 0.01920807237357547 0.06101606512886235
0 0.9801883060386374 0.17510829488687346 0.02950771753501158 0.03116146879233552
0 0.25788923532220076 0.8021544787419582 0.020389582712657717 0.06965075870642715