0 0.5952161199077315 0.7148155310053337 0.025755072684590097 0.13344183155591374
0 0.3415200499284124 0.5475924207219863 0.02342041335136278 0.13408657366340576
0 0.020626294597412276 0.5117033394484214 0.038373251352635473 0.14432612364928854
0 0.8400426499840916 0.16619383341029073 0.03728291868236298 0.1177181210184525
0 0.7395377372295048 0.8084352703408157 0.019359622016226652 0.12057781050922642
0 0.8099460699793191 0.19962098343852558 0.02868007801559038 0.11643634207925739
0 0.7117025438813236 0.9162631808923942 0.02570052868395365 0.12875433155591373
0 0.06934034599777283 0.020455984144397286 0.03319430800445433 0.03472361049510883
0 0.9498181866645456 0.07095619909648423 0.05816703600413646 0.033835944681858396
0 0.6693221646642273 0.05696450462638734 0.020730670671545326 0.037120568401734035
1 0.7025644485598685 0.8281716466915272 0.02123065734404488 0.08008931840173403
1 0.3208353799331849 0.5112075996894164 0.016597701344681325 0.08450380261671846