0 0.04905470332584112 0.305434033665264 0.039099456168510204 0.04821181070710594
0 0.665610957790068 0.33555316423478654 0.03049206939903506 0.04713046034428618
0 0.6613971960222405 0.09414691423478658 0.027462526785361163 0.05249008293962456
1 0.6794689062479404 0.3243254875557643 0.01841876339268058 0.026408732576804893
1 0.0679956180984935 0.31702629809323424 0.016747169236879245 0.02010416887447395
1 0.33399631371369687 0.5714782182336526 0.009371045860084682 0.04483135036281975
1 0.28510880032101626 0.5440054934613962 0.00864434293798535 0.047929068511654196
0 0.29537414447681765 0.5506101575265466 0.012055715096963926 0.06444444591631608
0 0.041179747968109824 0.39104415145127885 0.03358979586008468 0.045677087748947895
0 0.3524053944768176 0.5526017326616228 0.028902295860084682 0.04551339664195542
1 0.679021072645446 0.119747114960426 0.016334112012708957 0.041170637023308566
0 0.3716520466675683 0.6711706833872623 0.035138659090609536 0.04495040145127884
0 0.33554122280430637 0.615255500084818 0.01990912540538945 0.06706101442797027