0 0.25542915461613974 0.6368128335412273 0.042842264427970275 0.02071491439185813
0 0.2605184147829408 0.4464232739879333 0.04157986479079003 0.029235889784752268
0 0.2637723895551973 0.4947879993808274 0.04651290145127884 0.03648546360606986
0 0.29306801995508386 0.45977514454226326 0.04532242368379737 0.024730326302517015
0 0.2940377868301248 0.6444048556671337 0.04414186960011346 0.035595051695410974
0 0.7799727645127883 0.30798128060747104 0.041634428493120976 0.030798389784752266
0 0.2724703216765152 0.60941342555951 0.03890873257680481 0.01975172787409356
0 0.4537922104291042 0.33412867349259534 0.018152288474587407 0.05076413337461148
0 0.8764955565307547 0.1141156565384845 0.04389633293962447 0.028563801695411062
0 0.7557763510806099 0.4217912235353765 0.04138889183263199 0.023767139784752266
0 0.29420891242068803 0.6044883310600279 0.02917163402808365 0.05361730562435234
0 0.8202951749497418 0.23019872891206 0.03377728847458741 0.05149187944567011
0 0.8306771142426357 0.19137166935876607 0.04963790145127902 0.03663101282028158
0 0.5947718744942548 0.3377352088530682 0.03891865626060227 0.04237159057054054
0 0.8618527031727101 0.14296840260954308 0.03756448738612832 0.02592895326698761