0 0.2920608819595311 0.9698531619159094 0.07271330290255769 0.060293676168181064
0 0.38811742642456826 0.9948193925010969 0.05467014183263199 0.010361214997806201
0 0.35361846316987516 0.6679880996960662 0.0441145877489479 0.034062762932123646
0 0.34746023240716883 0.6427835112162641 0.04941964664195542 0.029534387305303157
0 0.3757588471979588 0.616235383082161 0.04537698738612832 0.025514477038746364
0 0.39543643013758334 0.5902184523616333 0.02783482332097762 0.014858121865896834
0 0.3689557756910796 0.5871018125490476 0.04376984736759475 0.04654003087881229
0 0.35535706716089194 0.5734113855894435 0.048157247004775174 0.03808267319868044
0 0.35022562305867444 0.5411982791629527 0.04231647477225655 0.04961956677218975
0 0.36783227450995326 0.5073006522824909 0.0525719284931208 0.030406565518548413
0 0.4048412011889756 0.5224542908414354 0.02343998920022674 0.06780126543940632
0 0.4153322678865313 0.5579515216411053 0.030897825135076218 0.05787233597251955