0 0.192591356670173 0.7101208712126132 0.02580204663711818 0.13634361374938136
0 0.4392260480652076 0.9086557892367232 0.02729181145475703 0.13330050090451095
0 0.9580929893633329 0.47414807666442405 0.02587412860909737 0.10591580732694617
0 0.901663111038576 0.3842500949817898 0.02291278276941 0.11278328301668675
0 0.6937343229508326 0.7689094572608332 0.03401393692972228 0.12038774310259512
0 0.9442688383371525 0.3640703917932865 0.026219620725312608 0.12075955732694625
0 0.7028332999650686 0.9479009164422303 0.02251143284565984 0.028490170171816587
1 0.41638861331968674 0.8841028465636693 0.015589938829583438 0.06636198439616763
0 0.4714502405976038 0.3287668933751662 0.035975827222326374 0.10410432383528967
0 0.6464404424418743 0.8228876283371609 0.03855531335461819 0.080830598145549
0 0.6178062961653465 0.8462365971294963 0.0467860406531944 0.09920878392119796
0 0.4870927711828122 0.36071957824630385 0.028308797587048674 0.1099448880596409
0 0.11378059812079822 0.47548027758961986 0.043534407294444535 0.12712906603337348