1 0.0484375 0.03203125 0.0453125 0.0203125
1 0.15859375 0.05859375 0.05078125 0.025
0 0.21328125 0.71875 0.0140625 0.03046875
0 0.39765625 0.6515625 0.028125 0.01640625
0 0.46796875 0.66015625 0.025 0.02265625
0 0.475 0.628125 0.02578125 0.0109375
0 0.38515625 0.528125 0.01015625 0.015625
0 0.40859375 0.53203125 0.0125 0.0171875
0 0.3265625 0.4671875 0.0140625 0.01328125
1 0.221875 0.7203125 0.00703125 0.015625
0 0.153125 0.50234375 0.01640625 0.0078125
1 0.05078125 0.059375 0.05 0.0171875
0 0.146875 0.5125 0.01796875 0.0078125