0 0.35096896684934054 0.2921410758714546 0.049255770801562536 0.037694751809022264
0 0.3596867373665626 0.12898597863041655 0.040480182845659664 0.029431872455808694
0 0.2794940103523267 0.3130953850074232 0.0351939240119445 0.07051057383528966
0 0.24099455480524332 0.30572662030810205 0.027345056420763923 0.06853863805964089
0 0.2092535923243058 0.28627061341069715 0.031214938829583438 0.06718085594746528
0 0.20369327013597244 0.24901627487608638 0.046476262917777865 0.05237472749876275
0 0.2948806613785071 0.20121618272343103 0.017352460581076378 0.07503762155129756
0 0.8258644365484727 0.4980027357549641 0.060138719414791805 0.03592421189493056
0 0.6910887398351045 0.454222837518558 0.043242160144236055 0.04752345318850324
0 0.8326768277910073 0.45462454997931534 0.048419969414791805 0.035310058231457477
0 0.8450333170574311 0.548623533470972 0.044622822188333446 0.03979284034363299
0 0.8817163526766325 0.5787713789029877 0.04987336664124982 0.03070444538658723
0 0.5972108000555907 0.4200326232487782 0.039917138392743114 0.038765928878243726
0 0.9626598409931256 0.6957707711465002 0.05579671153100705 0.05052230042954129
0 0.5881754132783682 0.1326554539814728 0.026782011967847196 0.07787269448207601