0 0.12483429001317839 0.5671158693507266 0.029638023905909215 0.12611760467059074
0 0.47639626913233124 0.7055907600652243 0.028793141392351985 0.11517101400381798
0 0.9384695431364364 0.6500258441279032 0.02414654800821019 0.1221477200031817
0 0.686263711165172 0.22049978675999568 0.036592005853732346 0.11291817067154523
0 0.652883584603543 0.18339013808876864 0.035034051033272284 0.11368123933799978
0 0.17865522336361628 0.31381869402449886 0.02973347267624522 0.14252385467059075
0 0.9050576003180286 0.6183849454566761 0.02250677995603354 0.10884828866963617
0 0.727760343875121 0.3397406827657227 0.02568177693097127 0.11747840133672707
0 0.48682068472518003 0.6596151887332697 0.021743710674192583 0.11196419800286357
0 0.43383412363476276 0.09802316072563365 0.022656770880847076 0.13462953866963623
0 0.9632609857584523 0.5518701547978576 0.0233107558537327 0.11276362933640911
0 0.6912971656910446 0.026795240093859318 0.02052612343837108 0.036955107336090774
1 0.4157517441462675 0.11734532538986105 0.015389171544777014 0.09392272266868171
1 0.169211524789672 0.45981244668999893 0.018459629390299347 0.08458408533577266