0 0.18136557026379943 0.655872059554896 0.05015453610435348 0.02772626291777769
0 0.1256337207313376 0.565500326272396 0.044690331283893325 0.0283802263486459
0 0.3484263261175319 0.5472452080156254 0.05327499092481371 0.027017748100139016
0 0.38128479879377714 0.4058032436348268 0.03648292154477702 0.09458645459715279
0 0.4308343051384889 0.6187039403481949 0.04082953307929138 0.03610180737069442
0 0.5800859131569618 0.34792192771475744 0.047211343285945874 0.05890352773541672
0 0.14841723575845228 0.544152656344514 0.05404260538619425 0.024692181895729172
0 0.6284421208060923 0.22871863924576444 0.05805339451560983 0.04275185087368065
0 0.12617407621572777 0.6069247600679862 0.027643731849627384 0.05219893284565984
0 0.6622262474659173 0.33108122625173664 0.042373852361132155 0.03301317496187508
0 0.7307267834720749 0.2412569664680909 0.048696575233769225 0.04565864532659729