0 0.9717579573761981 0.31590676407181284 0.04091215650563314 0.039039384172632106
0 0.35318615063313824 0.22359233453968544 0.03174174498543501 0.04552460260260105
0 0.9752897858268703 0.4103925114409769 0.03696044239901042 0.03724937101845249
0 0.3655628155185485 0.03142227516940921 0.01748902837152997 0.06284455033881842
0 0.6660882820659466 0.461269555882839 0.018179350158284535 0.06189305524755433
0 0.7032676848106559 0.5287531874952223 0.019142456584775404 0.06818855787839037
1 0.7555826910788621 0.47092600596754347 0.012415083465237231 0.05141828683170289
1 0.3538811694377567 0.05921131612383396 0.011338316772189749 0.04121653420086702
0 0.7416338513454187 0.4756513033225902 0.015971992478152685 0.06644404735504672
1 0.9551160266556703 0.33565782195020316 0.01621603338609461 0.02122255261671846
0 0.6543504631821858 0.5957733584995575 0.031301475785105205 0.05719784997176518
1 0.7036253859851549 0.48725593223355046 0.01308267319868044 0.047557539462538934
1 0.33722016983346814 0.21278363715640394 0.016216033386094786 0.02122255261671846