0 0.3825380195605611 0.29074685463367644 0.03087154172311406 0.03884633023145838
0 0.527808412481442 0.656763498761655 0.020875744007106078 0.05630565798171734
0 0.3713072704650723 0.3155478014905233 0.03247498530067894 0.039700354838564246
0 0.38280137041964374 0.4003765657585469 0.04008608943912186 0.021350615177646404
0 0.7912644821328602 0.7823284631962943 0.03859883254171699 0.052455065963434674
0 0.3478664484388049 0.3315195579006641 0.026842460990419426 0.03632064371369372
0 0.6203920601520214 0.719802846156621 0.039468613749381376 0.024439227874093562
0 0.3655353052907814 0.38473444913315846 0.03782422659425162 0.022803953266987607
0 0.8787777702379296 0.7187325359841547 0.03782090456798422 0.03761131596343468
0 0.8266763596770517 0.7407381226257538 0.024863881162235656 0.058050094499482084
0 0.9193009509251958 0.8045587200207198 0.027166687584671223 0.05737800641014061
0 0.7999068990253164 0.9322920758927413 0.03111720318850324 0.04353383023145838
0 0.8440287132496677 0.9224054995902244 0.03716580732694617 0.025111315963434678
0 0.8268556648562913 0.49011953846535394 0.022724849050060315 0.0618471825888232
0 0.3647064676606818 0.41374986104381717 0.02923047659425162 0.02240369292790554
0 0.3887581213241549 0.42437699193722944 0.03737052521477065 0.029017565963434678