0 0.61328125 0.33704125316486094 0.01015625 0.040198414065150526
0 0.33828125 0.1891567915546303 0.02421875 0.016470737386128233
1 0.70234375 0.2620263841977197 0.00703125 0.02368303666048881
0 0.6625 0.2715725097882829 0.0125 0.03481150961864685
0 0.6953125 0.2563120975372309 0.01328125 0.030151291469812234
0 0.78046875 0.2905358193142625 0.0203125 0.03430307813030113
0 0.68828125 0.23262906087674198 0.015625 0.022420637023308564
0 0.353125 0.12326889672677341 0.0265625 0.01342758293962456
0 0.79453125 0.26055814263524024 0.03046875 0.029188992195451745
0 0.5234375 0.2518725902808367 0.025 0.023529269237293704
0 0.18984375 0.016004489833198982 0.02578125 0.017306551088459122
1 0.3375 0.12116075970346488 0.00625 0.008812004809323426