1 0.7139869737653648 0.4852907973566941 0.01825259288963732 0.04607663337461147
1 0.9661158650583967 0.5936318744877805 0.016325336958138335 0.017915246071058634
1 0.32406238034425483 0.9455799038478881 0.015032092395345753 0.04358733416039975
0 0.3369297948689913 0.9551175696874884 0.017853344866803768 0.05541524607105863
0 0.7543573057805872 0.4896486575719418 0.019988847832553346 0.06955052067816432
1 0.7691055552862958 0.4913010488044362 0.015382260874415011 0.05218108416039975
0 0.6581746669590134 0.36234775703382255 0.023177514828747546 0.07125856989237614
0 0.6571812168452826 0.520686795908952 0.02614334733826169 0.06749786910658777
0 0.9735237998490881 0.5075124379700159 0.009404174904859985 0.039426373035529316
0 0.31799274695988833 0.788349600704735 0.03508992441056815 0.03828340405277579
0 0.7127083166550021 0.4401238465709058 0.022428098326844826 0.0720034325888232
1 0.29583124547701367 0.796399695204217 0.012259919467652303 0.013827059553293886