0 0.04161327216875933 0.6823230686693496 0.038452346349678465 0.06318309091247087
0 0.33224617832771985 0.3257415103429423 0.025330263840164412 0.06654817144481866
0 0.38150869068500953 0.2652377504571105 0.039777424410568155 0.03827859140676253
1 0.7058999707624343 0.8986007598114696 0.028107753954332716 0.019864172433401706
1 0.06519269361357802 0.6587436472245309 0.010107170456235503 0.01835075197716627
0 0.7009829549822845 0.5790204302677051 0.02826426285158128 0.061988005437207505
0 0.6876765527776566 0.9055829302677051 0.036429589923887916 0.03268250741437413
1 0.3903916007611217 0.296073914981847 0.012974843878220543 0.05044566897336074
1 0.7162750325488826 0.605695676807664 0.009325920456235436 0.01831891847906917
0 0.3984070306088974 0.23335108049516662 0.04165825939154022 0.046154758402957
0 0.3637535049057348 0.35643575342286005 0.039904758402957 0.04140359140676262
0 0.023017122472770494 0.602745656616071 0.042057507414373814 0.03681159190105419
1 0.31998625886006754 0.33950026281440027 0.01825259288963732 0.04598100346004106