0 0.6720523968185749 0.6376753212267484 0.029636150123834425 0.04937783128389341
0 0.062075929283563536 0.6638221263652373 0.03804796360606986 0.045521578258831144
0 0.3633324840793465 0.3365794120768073 0.017827508891340216 0.06414885841125635
0 0.3697601124915593 0.39991520423128496 0.036175094499482086 0.02207953307929138
0 0.6627693263070261 0.9040997519449077 0.037048389784752264 0.04082953307929138
1 0.07793852378304553 0.6420334847764936 0.01827911910658786 0.02353749394987581
1 0.3593876927230176 0.37094077653818786 0.020079213606069856 0.04541703912941557
1 0.6803399700207199 0.8791952007152435 0.021695217535011226 0.029805674668035208
0 0.9068403498806747 0.9964600633006111 0.043550946856846906 0.007079873398777891
0 0.05179770885306813 0.5824903131335206 0.03548588978475229 0.04082044272021186
0 0.3885893492569929 0.2976532674630016 0.036703787427387446 0.05019998789975162
0 0.31670788709866515 0.398043632022578 0.016265008891340214 0.06413976805217673
1 0.30845873945603 0.40737318022717994 0.012230326302516924 0.044590337334017606
1 0.6846059007475163 0.6533775892789251 0.015826207195929066 0.021180108411256348