0 0.07088740137649802 0.3191415121748646 0.03785453600413617 0.0311233149348082
0 0.10739651869827127 0.2346398271096728 0.026563047342454117 0.06763751339268058
1 0.12177719203531656 0.26222903896022587 0.010501695337363426 0.02986477800317715
1 0.3689094674172234 0.6242825742670037 0.012255099339590635 0.04629830154212762
0 0.397533906747269 0.600568384737585 0.01637043467536321 0.06433523538950343
0 0.3762134374204051 0.6478428051922803 0.017106231341499623 0.060442622158978665
0 0.41476740742358675 0.6719485068965636 0.035565330004772557 0.03576990462638267
0 0.43305433076063204 0.6996059025944925 0.037227827339272504 0.044390928165332966
1 0.44043956942231405 0.6630235202892442 0.02453692333704538 0.027766489853730293
0 0.7324703387173612 0.38614696915085844 0.022538618674408716 0.057413079545304765
1 0.744652165380316 0.3590214074624612 0.010510786004136108 0.030646028003177152
0 0.713772146005727 0.054637870530830204 0.03701874200349984 0.026422178165332988
1 0.731513629336409 0.035420266228759115 0.024482379336408934 0.023078989853730268