0 0.1131157940889262 0.6799681436693341 0.03778769731269431 0.05919376785690744
0 0.3558144443995097 0.3488373258951521 0.02468845783603797 0.06208694277582953
0 0.39711500761015905 0.2925912800350674 0.03876636838761662 0.03579717816533297
1 0.7648658228163598 0.9000769030081202 0.026827810509226245 0.018418763392680403
1 0.13293547042552029 0.6577249508935045 0.010376057878390377 0.017351141233702093
0 0.7299777994211852 0.5964706619365738 0.027585944681858442 0.05823523985373029
0 0.7479968412322113 0.9058456619365739 0.03532284997176518 0.030273881087432387
1 0.40821910758192426 0.32211513880136533 0.01288640785015538 0.04705227800317724
1 0.7471043862387707 0.6219791765470705 0.0095948078783902 0.017337504464226862
0 0.410229657638394 0.2626446814150391 0.039957142065139985 0.0428420649348082
0 0.38883904700211075 0.3787606051161453 0.03812162628012441 0.03812729139585782
0 0.08834403626700557 0.6037601996756884 0.04019236049510884 0.03348070170428343
0 0.9875467251883043 0.9773858766297959 0.02490654962339143 0.013195475243233546
1 0.3456049864928845 0.3615282406678045 0.01812764469597585 0.04324148538950343