0 0.014760004429223822 0.621458505931499 0.029520008858447643 0.04712700939154004
1 0.2914061837657804 0.5047617317483922 0.01798859736759484 0.045981003460041234
1 0.029446842388635375 0.6130066773763178 0.02169395072563942 0.018047004448624192
1 0.6455777515596445 0.9596627263483658 0.014754469962933036 0.04272866946765248
0 0.6323957052805088 0.9702378401989193 0.018271339563046496 0.05952431960216131
0 0.25059021080762245 0.5085751398473382 0.019588302902557687 0.06945033695813833
1 0.23566461525412613 0.5103140533834913 0.015081852176918265 0.05210366946765248
0 0.35595481180341426 0.38143166110187643 0.02274058475372307 0.07035892095052709
0 0.3449751278679979 0.539021326615196 0.025729175497895974 0.06658000494291585
0 0.01793213364798407 0.5263370069200823 0.03586426729596814 0.04074967539915129
0 0.6635614036438955 0.8031408123179211 0.03484871515360979 0.03730634041817922
0 0.2961408129845407 0.4587953157407812 0.021986616604888452 0.07110833745242999
1 0.6844096169834067 0.8110315667665453 0.012182541469812236 0.013758752471457924