0 0.943466362843596 0.3466010482891261 0.041610647326811544 0.04443183847375849
1 0.7166510467903493 0.6197037629823482 0.01601140785015538 0.047106825081077906
1 0.6673636783321455 0.657866236196987 0.027039913111827296 0.048860239853730295
0 0.30753104991529534 0.09433992978689079 0.03922909997176518 0.030342064934808156
1 0.28784788147120904 0.11819048701106119 0.02286835260260105 0.030836942775829622
0 0.6676212835655825 0.6890889626580367 0.019310713097709886 0.06355398538950344
1 0.3122009522920175 0.36211776501423837 0.02011507892507769 0.02376478246740401
0 0.051054265785015554 0.005573890015886049 0.042733531570031104 0.01011138555165918
0 0.9630423864505321 0.4281101469091543 0.03765889469597568 0.04358240462638267
0 0.3239574996470641 0.3763711797868908 0.03581567363517095 0.05213524431795715
0 0.649401904584035 0.7246719066516822 0.03811392100433508 0.0513949046263825
1 0.9300786970303456 0.37134194966909784 0.014691831555913382 0.024450575081077907
0 0.7086033283603804 0.6289287585181214 0.01926521046687384 0.06277273538950343
0 0.6604920520520212 0.620284415580136 0.04042757892507787 0.024119338473758488