0 0.7518109222321481 0.33821981855455635 0.018355090260883777 0.0669290872261609
1 0.7674313770526083 0.3385464274883295 0.011205665592848746 0.04641199874635875
0 0.6246307986955812 0.31380014324430483 0.03461589451560983 0.04240646034569906
0 0.9576932835702706 0.2611475385336738 0.04548067164297294 0.03022470909205772
0 0.7070160518188392 0.3848280455933028 0.014453385440423539 0.0675966769596041
0 0.9415455879231928 0.3514459295999006 0.04076590056573437 0.02540081677218975
1 0.7189847866935286 0.34151831479363265 0.01673804810640611 0.05750862311953817
0 0.3195216387600733 0.12661735814235037 0.03998919574527386 0.02615933471887839
0 0.6463189254536019 0.479547163698276 0.013703951697202222 0.07304269490629274
0 0.3499500030250621 0.003677943471422603 0.02431874394987581 0.007355886942845206
1 0.9381665787498106 0.26093458986645734 0.022724427693097127 0.012377979546028862
1 0.30542732250329463 0.1324952851019545 0.02354203912941557 0.01865071159934022