1 0.3259752728257547 0.8502753408289909 0.011777837334017516 0.010565477767481467
0 0.3103417033475222 0.982514921954517 0.01808237948849527 0.020158732576804894
0 0.771300887483527 0.7338220278444503 0.01740112343837108 0.03731895072563951
0 0.7847094025106417 0.7561608193142625 0.029882942720211858 0.034630460344286365
0 0.506575312151562 0.7448859802993701 0.02589942466803503 0.021212801088459087
0 0.6643378151766242 0.7418031642347866 0.01190964754067192 0.03322172776748147
0 0.3369036824666751 0.8490947867453069 0.03210397287263689 0.01361855589778287
0 0.6958105289740748 0.7811756882814037 0.016519879488495093 0.02010416887447395
0 0.6108219297362005 0.6727604983555375 0.010397144515609824 0.0417609140651507
0 0.6941025832288009 0.7561211245790729 0.011101126463433175 0.028506945916316084
0 0.32792813738533116 0.7831696863824872 0.025090903590796198 0.016498019237293705
0 0.1851144443705318 0.9390873257680484 0.02431419877033596 0.01725198738612832
1 0.7050219025106417 0.7533780704953889 0.011827834308955332 0.019159227767481468