0 0.465625 0.39140625 0.0265625 0.02578125
0 0.1828125 0.3875 0.0359375 0.02890625
0 0.3015625 0.39375 0.0109375 0.03828125
0 0.33515625 0.41640625 0.01015625 0.03828125
1 0.29140625 0.40078125 0.00703125 0.02578125
0 0.8265625 0.11875 0.03046875 0.01953125
0 0.67421875 0.3140625 0.0359375 0.025
0 0.38671875 0.49296875 0.01328125 0.0453125
0 0.6546875 0.2390625 0.03671875 0.01875
0 0.19765625 0.428125 0.028125 0.03359375
0 0.71640625 0.03125 0.0203125 0.009375
0 0.6890625 0.0640625 0.0171875 0.0234375
1 0.6828125 0.31796875 0.0171875 0.0140625
0 0.31640625 0.371875 0.01484375 0.0296875