0 0.7313334290741665 0.14135178564899853 0.02314855562435252 0.02810764183263199
1 0.7323865068244256 0.15234384935132939 0.013863446856846906 0.012963791469812237
0 0.27870911931598485 0.5348041082521859 0.017136150123834515 0.049737105172143005
0 0.6800662198113228 0.35162459753723085 0.04384204528527036 0.020250501814098508
0 0.31568042638807936 0.564265918959292 0.01490156203449331 0.051999009618646855
0 0.4555627177444082 0.5347198066155727 0.033413967535011226 0.030806055897782514
0 0.29784226302967853 0.5104315908289909 0.019006865177646402 0.03966270072563951
0 0.13852076695861998 0.520518375042409 0.04115369292790545 0.029516374409436708
0 0.8795846844508499 0.21773821477509153 0.03375856989237604 0.021458337748947898
0 0.1531975430134679 0.5750248257680484 0.034340766749223 0.033958337748947895
0 0.3669282491759397 0.6568279303920374 0.015192660462916762 0.05824900961864685
1 0.2674077462804555 0.54223466233587 0.010267565963434677 0.036237600362819575
0 0.6932147291169478 0.4389435482628702 0.026545383374611476 0.017306551088459087
0 0.7592786466091779 0.11259186858862309 0.024165246071058633 0.016443455534962848
1 0.69643608250777 0.35297876641170484 0.012300946856846906 0.012909227767481468
1 0.708221144956548 0.4527704352861788 0.019295809553293887 0.012373514427970278