0 0.38422071877786557 0.39913138985782703 0.02064429383752824 0.07521980787839037
0 0.31697325269059634 0.4879733529555369 0.026821519230422374 0.07402132892507769
1 0.25668641604899717 0.5444655476373953 0.015646424730940377 0.05155479472421085
0 0.030643992765798888 0.6635927921639619 0.04778683664159915 0.05576415258848364
0 0.6966584828410014 0.783744524383395 0.037320217535011226 0.03178062101845249
1 0.7134821098054721 0.7905559665050047 0.020113446856846906 0.013637565770898164
1 0.052101615801328174 0.6545517211313919 0.029143844499481996 0.02351309471009344
1 0.31017528908452646 0.5335588687405524 0.022823223945152016 0.05508931840173403
0 0.6598026840410744 0.9393798743551602 0.019006865177646402 0.040063557878390554
0 0.6745736594339686 0.9400778243692777 0.025074928659881833 0.03652132892507751
0 0.27327460256676184 0.539603742389841 0.01968110731976358 0.07126805524755433
0 0.04371338110280912 0.5669985132247668 0.04575130169541107 0.0455168973268119
0 0.37252758581753886 0.5665464030120066 0.024223058105551854 0.0684160710325699