0 0.36484375 0.59765625 0.01484375 0.0671875
0 0.30703125 0.5203125 0.02109375 0.065625
1 0.25625 0.4734375 0.01171875 0.0453125
0 0.05625 0.37734375 0.040625 0.04765625
0 0.6625 0.23359375 0.03203125 0.0265625
1 0.678125 0.2265625 0.0171875 0.0109375
1 0.075 0.384375 0.025 0.01953125
1 0.303125 0.48046875 0.01796875 0.04921875
0 0.63671875 0.07890625 0.015625 0.06875
0 0.64921875 0.090625 0.02109375 0.0390625
0 0.2703125 0.4765625 0.01484375 0.06328125
0 0.0640625 0.46328125 0.03984375 0.0390625
0 0.3609375 0.446875 0.01875 0.06015625