0 0.9444317268054764 0.27972930562946824 0.03236151384016424 0.0657977168225127
1 0.62590980885788 0.6707371424725064 0.021713173916276675 0.03449317466803503
0 0.6921423039149641 0.6469087570320828 0.01989334733826169 0.06650624394987581
1 0.2842595948668037 0.053046690186128995 0.022670837452429815 0.019658515027114642
0 0.31116558205240347 0.38734442213395226 0.023449428859192524 0.05793521984757479
0 0.6482132317855733 0.7003019226249316 0.03831042490485981 0.039276123438370905
1 0.9274816487445868 0.3048338447588838 0.016548171444818394 0.0227471535907962
0 0.3046357618629981 0.05449101551809397 0.03716176038012335 0.049423283079291405
1 0.2992730771094876 0.36397055464750955 0.014650090418179395 0.03367101805217674
1 0.6977874674511174 0.6320286455957644 0.017503176387734597 0.046184653590796286
0 0.9749906601132932 0.35847647434557495 0.040304006425790816 0.03069600897699045
0 0.660209213002493 0.6111485190341355 0.0308480933839288 0.04782442164297294
0 0.6329211542189752 0.7277411213952675 0.03843775889724856 0.0424011234383709