0 0.705174272737413 0.13228432049538882 0.04057592045623544 0.019360124409436796
1 0.7229520217488299 0.12822430307219368 0.03364017095052709 0.021458337748947988
0 0.7373567144481867 0.2519891852861788 0.03816850346004106 0.017715778855940556
1 0.7512428009120334 0.2672967267559911 0.022925505437207505 0.026545141832631992
0 0.3914645301889679 0.5511855656012474 0.021615014828747548 0.07096726442797027
0 0.30590507908665393 0.3851488486335392 0.01853909437251211 0.05291666887447395
0 0.28082416604479227 0.40143604754508005 0.01732676285158128 0.06145585517214318
0 0.32779200794584645 0.4436433949126749 0.01833084733826169 0.06695188702330857
1 0.26711183452386145 0.4095387242241024 0.009754343383928976 0.047929068511654196
0 0.4575630795809456 0.39278527775963223 0.03818309091247087 0.03721974700477517
0 0.10461449311709883 0.3656374128840242 0.048802255931499026 0.029789192921091077
0 0.12488984243252681 0.44201886360966364 0.040590507908665384 0.03886409255827132