0 0.4376698714841873 0.6255258558899334 0.027613005437207506 0.02670883293962447
0 0.15394878749179855 0.618747543916883 0.03789658942959626 0.03018849700477517
0 0.2737347054765761 0.6166716671451935 0.012497341406762619 0.03866319591631608
0 0.3082516269213948 0.5951885367453069 0.011747924904859808 0.03941716406515052
1 0.26386495695945084 0.6092857530800428 0.008081755437207506 0.02602678666048881
0 0.7898093971501687 0.9116494166818573 0.03126458745242999 0.020595242195451745
0 0.6446746051725649 0.7102084238534335 0.03695617193911023 0.02625496515360979
0 0.36293380973491995 0.5204266389222252 0.015127592889637321 0.045776291469812234
0 0.6220555058571369 0.7853076275742977 0.038264003954332534 0.020059528855940555
0 0.1704160458947555 0.5794221490890261 0.029493840418179394 0.034575896641955414
0 0.6752747118651857 0.9955004194128166 0.02147575197716627 0.008999161174366676
0 0.6500492187852679 0.9623165608767419 0.01814250494291585 0.024037700725639155
1 0.6542087726630509 0.7066295560674186 0.017760502965749582 0.014662700725639511
0 0.28765528403175744 0.6398462723173366 0.01605342292769345 0.030205855172143182