0 0.6651662200477511 0.3747782067552232 0.019697430307219398 0.07207499466899989
0 0.9806058229522712 0.6947661794636758 0.038788354095457576 0.0544153273392725
0 0.30196933791858405 0.6860487773710892 0.03375000662342202 0.04959146733768165
1 0.2926117292030618 0.9100675327020893 0.01715278366526398 0.04393181333545435
1 0.9577009827464409 0.678841187460176 0.013291173683797553 0.022801700668363623
0 0.31167175324967894 0.941526618037862 0.02640129809323426 0.0627818106699543
1 0.2829837249418926 0.7014465107017711 0.007495041469812236 0.013363066000954405
0 0.7113170229503087 0.4440372840944956 0.0142286803072194 0.07201136000159085
1 0.7233358733131284 0.45276739409608646 0.009722229581580066 0.054778406667727174
0 0.6229762308475243 0.3071270827498144 0.04153522477225664 0.04890112400540882
0 0.9851507072544319 0.5964377674649485 0.029698585491136242 0.05278010200509069
0 0.6393056136944816 0.43929469275140515 0.031815484390903495 0.06128294533736352
1 0.6699281311176768 0.42168956942231406 0.014300602176918175 0.051707950668363624