0 0.6757013112954063 0.3845437737482633 0.01847486685133202 0.07147560970739582
0 0.7382216948397857 0.4643936214878119 0.0238981527447093 0.07004039627652787
1 0.7943640462517116 0.5131207557964924 0.013886655251991797 0.04794719072944442
0 0.9926204652114559 0.6091378513518395 0.014759069577088368 0.050745535619201476
0 0.3728002494712746 0.7754474095755552 0.03441210391920828 0.028906903210381963
1 0.356621320004388 0.7836417692829512 0.01909098079967011 0.012155161094166722
1 0.9866794379780124 0.6024520934680547 0.026641124043975138 0.02093074905006951
1 0.7441367257185982 0.5064720187142703 0.021031565518548588 0.05201709488975688
0 0.4048949986133447 0.9380922267298957 0.018520330957954734 0.07303810970739591
0 0.3912727678136746 0.9266826012549302 0.023079798825501107 0.04191539627652787
0 0.7786253859851548 0.5095781817082979 0.017557224531464043 0.06676992591180557
0 0.987463952279332 0.5186037703297909 0.02507209544133602 0.04155237357510426
0 0.6842221681176085 0.5430466047703119 0.02215379631821861 0.06375402868534721