1 0.9792423775318888 0.9933134736977969 0.041515244936222474 0.013373052604406155
1 0.8609822724869727 0.9680945951326574 0.056423614790789854 0.027666457747326234
0 0.7753174916472976 0.23727586630809228 0.01679811960011346 0.03368465359079611
0 0.5748115493591787 0.31109411962774197 0.031877482576804894 0.0181505571815924
0 0.49633188529402805 0.3004833516737611 0.028216769237293705 0.025159081283893325
0 0.48977435044763773 0.336375399878363 0.02856150961864685 0.012663626463433175
0 0.5928671233131284 0.4478901376799188 0.01231895072563951 0.017255677693097125
0 0.5661409322061359 0.44304810157556523 0.014744546279135662 0.019613063231716587
0 0.6592758625133552 0.5154503424021831 0.01614335517214318 0.014934653590796288
1 0.7651066779449666 0.23565427897407476 0.00763145072563951 0.017228406615858206
0 0.8500992699550839 0.47750595656897604 0.019077382213985316 0.009484084308955332
1 0.9762258826364938 0.9687900076022483 0.04754823472701233 0.01907270774732659
0 0.8567485740387678 0.46660936318483437 0.020612600362819932 0.008711924668035031