0 0.6671875 0.15390625 0.0359375 0.015625
1 0.6828125 0.14921875 0.02890625 0.01796875
0 0.69140625 0.26015625 0.03359375 0.01484375
1 0.703125 0.2734375 0.01953125 0.0234375
0 0.3703125 0.53828125 0.0171875 0.0625
0 0.3 0.3921875 0.01484375 0.046875
0 0.27734375 0.4078125 0.01328125 0.0546875
0 0.3171875 0.44453125 0.0140625 0.059375
1 0.26484375 0.415625 0.00703125 0.04296875
0 0.43515625 0.39453125 0.0328125 0.03203125
0 0.1203125 0.38125 0.04296875 0.025
0 0.1359375 0.44921875 0.034375 0.03359375