0 0.69921875 0.36796875 0.0265625 0.0484375
0 0.09375 0.3390625 0.0359375 0.04453125
0 0.378125 0.665625 0.01484375 0.0640625
0 0.38671875 0.60234375 0.03515625 0.021875
0 0.70234375 0.10390625 0.03515625 0.040625
1 0.10859375 0.36015625 0.0171875 0.02265625
1 0.37578125 0.63125 0.01796875 0.04453125
1 0.71875 0.128125 0.0203125 0.02890625
0 0.94921875 0.0078125 0.0421875 0.015625
0 0.0796875 0.41953125 0.03359375 0.040625
0 0.4015625 0.7046875 0.03359375 0.05
0 0.334375 0.60390625 0.0125 0.06328125
1 0.3265625 0.59453125 0.01015625 0.04453125
1 0.7125 0.35234375 0.01484375 0.02109375