0 0.7659978092475102 0.7608156642904644 0.015328428878243728 0.03975854081860284
0 0.23037232699904903 0.9902161038555295 0.03231453301668683 0.01956779228894092
0 0.672557668474336 0.6577515400256334 0.013353171076327542 0.046666960085908295
0 0.4016564275194474 0.8850765213695834 0.03683825870642732 0.01907090456798457
0 0.8815818656699452 0.7660940637700661 0.03597179952502998 0.03227026741285464
0 0.5853652849372507 0.7482326978729781 0.030093613749381375 0.0241711623699004
0 0.7296951390756937 0.737098203300045 0.015287485300678938 0.038977290818602836
0 0.7555073665744565 0.7836390106269912 0.0169351944820761 0.025818871551297563
1 0.7749633734718615 0.7534944872212429 0.007683025214770644 0.027671298620519025
0 0.8649365982570909 0.7309411357963335 0.026924348145549004 0.038028944482076096
0 0.38140148122834905 0.810779206240721 0.028943871551297563 0.017098968792335613
1 0.3844689275194474 0.8841757626631562 0.012332903663473171 0.012332903663472904
1 0.3691914082975706 0.8007900525772479 0.01784259724103805 0.013400758706427141