0 0.07421875 0.3109375 0.03671875 0.0296875
0 0.11015625 0.22734375 0.02578125 0.065625
1 0.12421875 0.25390625 0.01015625 0.02890625
1 0.3609375 0.603125 0.01171875 0.04453125
0 0.38984375 0.57890625 0.01484375 0.0625
0 0.36796875 0.62578125 0.01640625 0.05859375
0 0.40546875 0.6484375 0.034375 0.034375
0 0.42265625 0.675 0.0359375 0.04296875
1 0.43046875 0.6390625 0.0234375 0.0265625
0 0.71875 0.36484375 0.02109375 0.05546875
1 0.7296875 0.33828125 0.009375 0.0296875
0 0.703125 0.04140625 0.03515625 0.025
1 0.72109375 0.0234375 0.0234375 0.021875