0 0.38845930743848794 0.6886074911399325 0.033706614653892505 0.048148339923887916
0 0.40143842152655357 0.9362637411399325 0.030127913274411534 0.054239172433401706
1 0.3750109611019611 0.6997532381741829 0.019360831637205766 0.02729467045623544
1 0.9962253833099425 0.7104717871462312 0.007549233380115083 0.021012836958138336
1 0.7196429511523383 0.4479585638007958 0.01179067107632772 0.04647575197716627
1 0.7710350327895441 0.4765584076790163 0.01039194538658723 0.04953708498097189
0 0.7597290405914603 0.4690814887056556 0.014376760515449583 0.06607066897336082
0 0.7011762341690252 0.46747522634836597 0.031280977498762755 0.04649033942959626
1 0.3820775898893478 0.9089690706836968 0.01857625961093845 0.04207475346004088
0 0.6776015360689045 0.34489988939022764 0.03831222749876275 0.04677684091247105
0 0.7172682236535757 0.40264606380079576 0.023093341248144127 0.06876458745243