0 0.6587823802697305 0.7115386125612474 0.01212116439185813 0.04277903420086702
0 0.3726908306412339 0.8421313759977757 0.026545383374611476 0.017907836817585475
1 0.7572070717498938 0.8006381808923942 0.008976893713693635 0.025455026308359406
0 0.7136925121965998 0.7864167861964184 0.01499145326698752 0.03749229472421085
0 0.7488680328747643 0.8056064019531991 0.015554379445670109 0.03285029735504672
0 0.8379647661255412 0.7780722071301664 0.023548815963435034 0.03721157366340577
0 0.7430011765884579 0.8301968782756758 0.017497869106587773 0.024393055247554328
0 0.3915906879609975 0.9133539286144942 0.02874358416039984 0.01491934471009344
0 0.8550816455712112 0.8110135097468849 0.03419521753501158 0.03159861049510866
0 0.5668003955712113 0.7942230389684287 0.027690506410140793 0.025765839448421347
1 0.37525721256810335 0.9139608733669398 0.00668664764263518 0.009739021046687312