0 0.46289627719569354 0.5873734481937507 0.02860228693163087 0.028325896641955416
0 0.16440423011779293 0.6009201153389442 0.03881308400953163 0.03180556070710594
0 0.2902945742735943 0.5902777373013103 0.012427862012708868 0.04103422776748147
0 0.3258735641273246 0.5648313039988659 0.010865362012708778 0.0409796640651507
1 0.279493441968346 0.5828471832176263 0.008289786931630872 0.027616568511654192
0 0.8383603327983062 0.8608059366761873 0.0323858060063543 0.021431055897782512
0 0.6817905531702759 0.6609299661651 0.03873126339268076 0.02711806070710594
0 0.3811707646137919 0.48326135626845146 0.01489434293798535 0.04814732332097762
0 0.6593194894532838 0.7405728261465665 0.03940341923687925 0.020895342558271322
0 0.1807656156694521 0.5581869783156356 0.030301154626382675 0.036192960344286186
0 0.720331307230761 0.9578396824998361 0.02205227800317715 0.01092014183263217
0 0.6928199618571437 0.9236655791417915 0.01840512662320535 0.025627482576804896
1 0.6904661237871269 0.6559423658022803 0.018227848620028197 0.015471232576804893
0 0.30551047118933916 0.6131696002780017 0.016170470779006775 0.031795637023308565