0 0.9175156519404762 0.9050688125921187 0.024427828258831143 0.03650119766329851
1 0.9042253115813965 0.9063221880670842 0.011073855386194254 0.023692073138263936
0 0.6032036879466338 0.8063344929692366 0.03764999092481354 0.026654072188333443
0 0.5290531156397309 0.7928882823881601 0.01739657825883114 0.036337543502986236
0 0.4878286728213233 0.7606745412218754 0.02511362948849527 0.020113131458888843
1 0.5298570915374301 0.7890002161837504 0.011051129488495093 0.019785823138263936
0 0.22457975995894905 0.6146846683123612 0.017328400565734016 0.024618793502986236
0 0.41538656714054145 0.5878715144363893 0.007203966822512698 0.029851154160312632
0 0.657419531036188 0.6200709910693755 0.016519879488495093 0.019913109707395904
0 0.6847996424725065 0.6144574239150353 0.01415340359079611 0.015952308320624907
0 0.7516467748878679 0.540221796540209 0.017282948770336048 0.016806293502986236
0 0.7485944977605048 0.5276490613578478 0.01492101805217665 0.01362674211621524
0 0.883482582167656 0.576888607994966 0.01261817466803521 0.020603440729444422
0 0.9887740701656036 0.6098121703996536 0.014934653590796288 0.01597049211621524