0 0.08410051956056112 0.3054389789486078 0.03909679952503016 0.031778278855940555
0 0.11713766960598963 0.21897320009266724 0.02930239767057934 0.06808780108845909
1 0.1326331948207603 0.24582587677168952 0.011712105947465279 0.030042164065150524
1 0.39349096619034374 0.5936185029104069 0.01413442107632772 0.04650297776748147
0 0.42108702170826773 0.567609074417286 0.018941429782755037 0.06382688702330856
0 0.40170957993972517 0.616029216249918 0.019558905472495523 0.06072916887447395
0 0.44047883084423634 0.6389384373939775 0.036998710990419424 0.03638393330244423
0 0.460620912481442 0.6648461729660072 0.039011590343633176 0.04503224700477517
1 0.4657278143358929 0.6278818863055184 0.025651775214770644 0.02818948738612832
0 0.7448200135676674 0.33793641026731747 0.024863881162236014 0.05779514183263199
1 0.7558869883528967 0.31015615064867064 0.011753049525030156 0.030823414065150524
0 0.7126571302577248 0.01075206150813272 0.03728863805964089 0.02150412301626544
1 0.7296432343961679 0.0001797632778599456 0.025406113749381377 0.0003595265557198912