0 0.9867222997222577 0.6296875 0.02655540055548471 0.03671875
0 0.3835062138154945 0.75859375 0.032761590343633 0.04375
0 0.9858281850683651 0.53515625 0.028343629863269725 0.03515625
0 0.41158802747401885 0.9515625 0.019023316937884616 0.06484375
0 0.6771079703742153 0.50234375 0.019640792627625102 0.06171875
0 0.7086202419709412 0.4328125 0.02070864767057934 0.0671875
1 0.7653925424004826 0.4875 0.013598832541716987 0.05078125
1 0.39761405868168337 0.9234375 0.012285316033373572 0.040625
0 0.7519065745126582 0.48359375 0.01754270409301455 0.06640625
1 0.9765900712332979 0.61171875 0.016730476594251798 0.02109375
0 0.6544406750330566 0.36796875 0.03259449400710608 0.05546875
1 0.7131340015818797 0.47421875 0.014216308231457475 0.04765625
1 0.36775506105653255 0.77109375 0.01668953301668674 0.0203125