0 0.08828125 0.33125 0.03828125 0.04296875
1 0.3265625 0.603125 0.01328125 0.04609375
1 0.3765625 0.6421875 0.0234375 0.04765625
0 0.69765625 0.0953125 0.03671875 0.02890625
1 0.71796875 0.11875 0.0203125 0.0296875
0 0.378125 0.67265625 0.015625 0.06171875
1 0.7078125 0.3578125 0.01796875 0.0234375
0 0.94375 0.00859375 0.04140625 0.0171875
0 0.07421875 0.41171875 0.034375 0.04140625
0 0.696875 0.371875 0.03203125 0.05
0 0.3984375 0.7078125 0.03515625 0.04921875
1 0.103125 0.35546875 0.01328125 0.0234375
0 0.334375 0.6125 0.01484375 0.0609375
0 0.38125 0.6046875 0.03828125 0.02265625