1 0.70625 0.10234375 0.0203125 0.02265625
0 0.68671875 0.0875 0.03515625 0.021875
0 0.928125 0.0078125 0.03828125 0.015625
0 0.07734375 0.32109375 0.03671875 0.04921875
0 0.390625 0.715625 0.03671875 0.040625
1 0.38046875 0.653125 0.01171875 0.040625
1 0.09765625 0.3453125 0.00625 0.01328125
0 0.375 0.68515625 0.0296875 0.04375
0 0.68515625 0.3828125 0.0234375 0.0515625
1 0.69921875 0.3640625 0.0140625 0.0234375
0 0.059375 0.3984375 0.0375 0.03046875
0 0.33046875 0.6296875 0.01875 0.06015625
0 0.3671875 0.60703125 0.03515625 0.034375
1 0.32109375 0.61796875 0.01328125 0.0453125