0 0.6953125 0.70390625 0.0125 0.03671875
0 0.17890625 0.9484375 0.02890625 0.01953125
0 0.61328125 0.61171875 0.01015625 0.04296875
0 0.3453125 0.8390625 0.03359375 0.015625
0 0.8046875 0.70390625 0.0328125 0.02890625
0 0.5265625 0.7015625 0.02734375 0.02109375
0 0.6625 0.68359375 0.0125 0.0359375
0 0.68515625 0.72578125 0.01484375 0.0234375
1 0.7046875 0.696875 0.00546875 0.02578125
0 0.790625 0.67109375 0.02421875 0.034375
0 0.33046875 0.7703125 0.0265625 0.0140625
1 0.3296875 0.8390625 0.0109375 0.0109375
0 0.3109375 0.9953125 0.015625 0.009375
1 0.31953125 0.76171875 0.015625 0.01171875