1 0.7354654806201397 0.9780333301140356 0.022438697663298514 0.024982641832632168
0 0.7155166565319453 0.9902877437778821 0.03804551386770836 0.01942451244423573
0 0.05971602573864643 0.7210317518140986 0.04028081430454864 0.053707842558271324
0 0.3843081437110767 0.3123958841129017 0.040080792553055564 0.045114092558271326
1 0.37493445013184057 0.3792014381965857 0.013500108757465323 0.04340525961864685
1 0.08100914427975753 0.6967956436467305 0.007358558320625019 0.01430803666048881
0 0.3678661793302781 0.3438269333872623 0.033104093939826384 0.04721230589778251
0 0.706626086909063 0.6780506882814037 0.025509799486909658 0.05631448738612832
1 0.72192443179882 0.6981002934535467 0.015425631458888844 0.025518355172143004
0 0.039056727201667196 0.6383457373861283 0.040607469414791694 0.03420387440943671
0 0.32239133159072947 0.4023462723173366 0.021803571238402774 0.06477182813030105
0 0.3619993454584378 0.427147864875608 0.03835463839274311 0.03802827885594055
1 0.31250783852458364 0.413710358252186 0.015171711531007048 0.04814732332097762