0 0.30078125 0.12133785323257965 0.02109375 0.026640754448624283
1 0.29921875 0.13155777022877402 0.0125 0.013009335969555114
0 0.7203125 0.5003370147543855 0.0140625 0.04822925296574958
0 0.340625 0.32440184482962264 0.04140625 0.020437175399151374
0 0.68359375 0.5283956891649537 0.01171875 0.05047750247145792
0 0.54921875 0.5010585508376714 0.03046875 0.02936650642579064
0 0.70234375 0.476069185210621 0.0171875 0.038200336958138334
0 0.85625 0.4854229860854734 0.0390625 0.028935424904859806
0 0.15390625 0.19607255087485242 0.03203125 0.020836423421985016
0 0.83984375 0.5376539895455146 0.03125 0.032523339923887916
0 0.6296875 0.6180922005336603 0.0125 0.05675933596955503
1 0.73046875 0.5069544292791219 0.0078125 0.03469333498097207
0 0.3234375 0.409477181787761 0.025 0.016643671939110226
0 0.275 0.0934821086697871 0.02265625 0.01576692144481866
1 0.325 0.32660101479156656 0.0109375 0.012164418973360736
1 0.30859375 0.42258201825160774 0.01796875 0.012450920456235437