1 0.29198348780155575 0.08904261951529538 0.021230105386194253 0.02417410998146654
0 0.3114283793902993 0.07351682323615968 0.03606931020665449 0.023911215153609677
0 0.06487102107723886 0.0038963263162025905 0.03911704215447771 0.007792652632405181
0 0.9346896591499411 0.29008171970847907 0.03779089149054791 0.051309528855940555
0 0.6174946314334028 0.7028024968351391 0.03774089451560982 0.04271577885594056
1 0.6272827218906782 0.6391665827699885 0.012740894515609825 0.04184275961864685
1 0.9145180597156752 0.31500979783878014 0.007108518052177004 0.01352678666048881
0 0.6337236194313502 0.671760827960665 0.030727825233769223 0.045595242195451746
0 0.31474077351312574 0.37424350953382884 0.02374657220870695 0.053943455534962846
1 0.3005691892041703 0.35598458285480655 0.014198855386194253 0.023928573320977708
0 0.9538987222834617 0.36833320528050884 0.038463057181592576 0.03258681070710594
0 0.6787043213249442 0.6131472305930703 0.019890319183645033 0.06240079627913566
0 0.6410725111182898 0.5918005094490109 0.03614203307929138 0.03641121515360961
1 0.688011143631847 0.6011010983790852 0.014330665592848745 0.04658482332097762