0 0.09765625 0.278125 0.028125 0.0625
1 0.41640625 0.64921875 0.01953125 0.0328125
0 0.35234375 0.6265625 0.01640625 0.06328125
1 0.7171875 0.05859375 0.02109375 0.01875
0 0.7046875 0.3765625 0.0203125 0.0546875
0 0.39609375 0.67734375 0.03515625 0.03671875
1 0.1140625 0.3015625 0.01484375 0.02109375
0 0.6984375 0.059375 0.03359375 0.046875
1 0.71484375 0.3546875 0.0125 0.03203125
1 0.34609375 0.6125 0.01484375 0.04375
0 0.07109375 0.353125 0.0375 0.02890625
0 0.38125 0.5921875 0.02734375 0.0453125
0 0.41171875 0.70390625 0.03515625 0.03984375