0 0.016966100573283283 0.6963164637974506 0.03393220114656657 0.04709771379745078
0 0.6306521891232579 0.6920901104543599 0.031297129218760135 0.046266466822512696
0 0.6230033471131409 0.9335009056338996 0.028363102176918176 0.0517170361043533
1 0.6443054613557766 0.7038906736860764 0.01886905108845909 0.02588578912941557
1 0.03388631652791972 0.6854925932859459 0.017088296279135697 0.01962669877033605
1 0.30414428594269866 0.44248397843178183 0.010148815516429367 0.044581246974937906
1 0.25480648485423957 0.4679834273003136 0.009476692921091079 0.04770170179539797
0 0.26520827151472837 0.46101126463433123 0.013174611795565028 0.06412613251355737
0 0.012768437573425034 0.6111102168225127 0.025536875146850067 0.044722147540672094
0 0.322212239663563 0.46212431274073723 0.029680065516429367 0.044694876463433175
1 0.6410911482016 0.9078196495837755 0.01704365626060227 0.04071590359079593
0 0.343546581040708 0.3434743066906131 0.03590278366526398 0.043949987899751616
0 0.3056720696079626 0.3987339784317818 0.021068957349061355 0.06651533430895533