1 0.636331927113053 0.8023737324756037 0.012310284200867017 0.01077040366347326
0 0.6443124851326176 0.9328048609243063 0.019060813140062294 0.01969170228399193
0 0.20257011909348827 0.6942568537997588 0.019280621018452494 0.03683825870642714
0 0.18796929279924648 0.7176091446183616 0.030862863125944752 0.0351086623699004
0 0.46388705069175423 0.7008123117379604 0.026137565770898163 0.0208414444820761
0 0.30809207700011354 0.7011885272509356 0.013629860495108836 0.03342665366347308
0 0.6254399297438888 0.802165692561512 0.0327592920933748 0.014178686680159914
0 0.27465795071998916 0.7403262703535306 0.016717063140062115 0.01956887155129756
0 0.364349053252003 0.6312578075540889 0.012522386803468066 0.041157266508343324
0 0.2776310322759028 0.7160256331984008 0.012530092079257394 0.027916960085908292
0 0.6378559007341066 0.7360903132082985 0.02586454998588259 0.016153944482076098
0 0.6733251509458681 0.9562080613992763 0.019387036831702887 0.011920145861557074
0 0.7707608640435779 0.8880135820914911 0.024393055247554328 0.017634557326946167
1 0.2676567927992465 0.7134328997067442 0.012765310509226246 0.01858290366347326