0 0.2901960242162532 0.6936580705115487 0.02195933475372307 0.0704409325888232
1 0.2745164605139223 0.69136782444049 0.013410224772256462 0.048983309553294066
0 0.42558045270937395 0.7288229367226524 0.037465283665263985 0.04542381596343468
0 0.07638155007696878 0.7577975374273874 0.0487202421954517 0.03268837551672874
0 0.335406831295162 0.6481850587247244 0.017326398456053927 0.07178510876750561
0 0.09026794608595201 0.6640668081055519 0.04308780108845913 0.02774616439185813
1 0.32527042866275685 0.6929517491714305 0.019288202539737932 0.06095677067816432
0 0.7562476432682124 0.9509185303935649 0.043115082939624474 0.02852741439185813
0 0.3960318180483181 0.5527313176160645 0.016708839563046494 0.07643622146395276
1 0.09750258192813421 0.7595612446233165 0.02465525961864685 0.013628006410140791
1 0.7701191703100544 0.9461047518575174 0.024900796279135662 0.020659256410140613