0 0.7528112054025877 0.51015625 0.011710206675681433 0.06640625
0 0.9861134531846696 0.28828125 0.027773093630660738 0.04609375
1 0.9708055853755436 0.3109375 0.006468176002545079 0.01875
0 0.3509561620384982 0.28359375 0.03333975867281787 0.0453125
1 0.7138941560709513 0.52265625 0.008230670671545325 0.0359375
1 0.3362107673456358 0.090625 0.011355670671545148 0.0359375
0 0.3498641873408633 0.05546875 0.021039753341817756 0.0625
0 0.7113600494111783 0.5734375 0.013272706675681433 0.06640625
1 0.3296624173694983 0.26640625 0.008739200668363534 0.0125
1 0.7644481394016333 0.503125 0.008412484006999676 0.0515625
0 0.9927158533577263 0.38359375 0.014568293284547451 0.0484375
0 0.6825350680696787 0.51328125 0.024936912675045164 0.06171875
0 0.6730793467536322 0.640625 0.03808180267345414 0.05