0 0.990625 0.5312953509051136 0.01875 0.03446704528527036
0 0.3734375 0.07364313109829992 0.01328125 0.0717123341603998
0 0.35234375 0.2609419239023708 0.03203125 0.04367937944567011
0 0.6765625 0.5322926548768363 0.01875 0.06649829528527036
0 0.6640625 0.6809292080199894 0.02578125 0.06526328101724665
0 0.99140625 0.4375817382086666 0.0171875 0.04298802067816432
0 0.71796875 0.6131274319651415 0.01953125 0.0688784325888232
1 0.721875 0.5672156184829061 0.0140625 0.049873721463952594
1 0.3625 0.10047745884855892 0.01171875 0.04663955955329393
0 0.76171875 0.5620401209641055 0.01484375 0.06866010876750561
1 0.7765625 0.5596064797316112 0.01328125 0.053743584160399746
1 0.9828125 0.44811897786958427 0.01953125 0.023565932588823203
1 0.3375 0.25321931513486523 0.01953125 0.0212221825888232