0 0.9621168015454227 0.45259438231183885 0.039607970779006504 0.03193183847375849
0 0.37081133198093674 0.05444639772981909 0.013686398944339827 0.06818693831160272
0 0.3481572617711228 0.23369356696669832 0.03116422524323372 0.04037558400953163
0 0.6517150896948698 0.47207067979348133 0.019059691558013726 0.06281364569792877
0 0.6375144476503889 0.6144627313356089 0.02528241801906326 0.06136023985373029
0 0.9652338932655923 0.36350460877288854 0.041347748782184016 0.04211536201270878
0 0.6902497098252535 0.5463752045502477 0.019881851866439072 0.06517103246740401
1 0.694919618915863 0.5025570207028719 0.014099456168510115 0.047106825081077906
1 0.3602050685882562 0.08040492573299629 0.011701159090609536 0.043940914772652384
0 0.7325423498411394 0.49487120576806376 0.015180715096963837 0.06430796185055314
1 0.746645760149565 0.4922819939175106 0.013386390015886106 0.050999438311602675
1 0.9447577520318902 0.3732341647792429 0.01913182954530477 0.02220228246740401
1 0.33421749269639933 0.2269077788172514 0.0182960324674041 0.019063645697928955