0 0.8999987751345089 0.7142854793173263 0.0424713428896375 0.04720463978475227
1 0.6616180019399853 0.41748529218038916 0.016004343383928976 0.04831122146395259
1 0.6101165103429423 0.37516720553879 0.027037343878220453 0.051164393713693725
0 0.2508450562376978 0.9321769150110306 0.03952275642579064 0.03225172787409321
1 0.22995689467871086 0.9069393205115487 0.023148339923887828 0.032268844499482086
0 0.6098591837649273 0.3430631809316842 0.019048430342067137 0.06560788337461147
1 0.2511129475679107 0.6566674927612898 0.01973683844101313 0.02509204528527036
0 0.9174674594309089 0.6313467007812792 0.03772017589344294 0.04542381596343468
0 0.2626234505336602 0.6431144150110307 0.03572659437251211 0.05390840405277597
0 0.5902616081754954 0.30536197373575513 0.03881976087441501 0.0532727032669877
1 0.8846111970736192 0.6885213459427149 0.01508117193911005 0.02565497146395259
0 0.6534062539171517 0.407710031841307 0.018235346843970036 0.06479024607105863
0 0.6038691689361797 0.41323013171747247 0.04079875494291585 0.025293252481199423