0 0.3863490100611643 0.8994589309144088 0.03996325870642732 0.019234678878243726
1 0.37018842152655357 0.9050062460432711 0.033054839439121866 0.021209936680159913
0 0.35450811058156273 0.7851850689740496 0.03675637155129756 0.017508404567984213
1 0.34048987618539495 0.7718186097926525 0.02240394448207601 0.026105476594251796
0 0.6863191960639557 0.4646214269576799 0.02153084124814413 0.06891045228399229
0 0.7711932423096256 0.619202706356322 0.019067582541716987 0.05164106512886235
0 0.7953334271807632 0.601486261874246 0.01795546189493056 0.060152927973732596
0 0.7494953047249545 0.563935352217879 0.018242066937884615 0.06562167797373278
1 0.8081642978275496 0.5921964710556431 0.01026911465389233 0.04728443577564878
0 0.6241954115769309 0.6245563489385187 0.03777996099041943 0.03703965456798421
0 0.9671608395506635 0.621466811965103 0.04752677521477082 0.02975942107632772
0 0.9460836996820003 0.5481488206715304 0.039424348145549 0.03868404172311415