0 0.3244454679454089 0.633072004060485 0.029349260380123355 0.04969603693163087
0 0.9365926408731025 0.6520955503309022 0.0385650928896375 0.04595342816533297
0 0.6363764876798914 0.3258502447282895 0.017485930342067135 0.0651028486200282
0 0.6296118345238615 0.3900763859619915 0.03607942144481875 0.023269904626382676
0 0.3314262742946499 0.9003276879078609 0.037592841901054184 0.04125229139585755
1 0.9216388029263809 0.6304660121814551 0.01814250494291585 0.02373750892845372
1 0.6401527450942652 0.360965584419864 0.01981509288963732 0.04562614569792896
1 0.3140013523555396 0.8756140600668395 0.02152217292769345 0.0300420560063543
0 0.08593204357202178 0.99608406737044 0.04322341798477756 0.00700002232113448
0 0.9480938735728968 0.569805201710874 0.035249091901054186 0.041211381087432386
0 0.6113791462731288 0.28797809781254463 0.036444177376317735 0.05138126785690744
0 0.682673167527667 0.38758658563768 0.015891596843970034 0.06429432508107791
1 0.6916807530029306 0.3975928311734531 0.011970759391540043 0.04470852800317715
1 0.3110196379073528 0.6489424659110381 0.015703254448624283 0.021352848620028196