0 0.8417676143440496 0.12226945815166959 0.025264424452321778 0.03678323738612823
1 0.8284181681841154 0.11946191668185731 0.011619461599340042 0.023819445916315997
0 0.5288022645814763 0.20265384028083672 0.038250157759274116 0.027090778855940557
0 0.45492449538114654 0.21178081442012106 0.018233174452321775 0.03653770072563942
0 0.4144275275136001 0.24158487630835337 0.025568301332783604 0.020404269237293705
1 0.4558194056477031 0.2157143462712865 0.011505801332783606 0.019913195916315997
0 0.15521531505633007 0.37223464246560417 0.01789219365265158 0.024818950725639423
0 0.34596834718878366 0.4101141322988031 0.007895068025830908 0.02993303666048881
0 0.5881414753228867 0.3912550380112513 0.016974551332783604 0.02010416887447395
0 0.6148858317493775 0.3984326209508758 0.014517141066226813 0.016116073320977708
0 0.6835198229738888 0.47731407829993716 0.017664873119538172 0.01700645072563951
0 0.681517053773559 0.48895098274644083 0.015230194906292738 0.013799605172143004
0 0.8145735946815013 0.4483309611468945 0.013091033386094963 0.02074900961864685
0 0.9222580625490476 0.4208731384588889 0.020744409012915455 0.015553078130301046