0 0.0915527057647684 0.25791964314239574 0.030024465096963927 0.06473530043684032
1 0.4122417122608855 0.6315506327900691 0.020898881087432385 0.03406652868534721
0 0.34701217857566535 0.6104218216196525 0.01831935186643907 0.06524379350298623
1 0.7321988453736173 0.01809984973631883 0.021421032467404188 0.01924096248093752
0 0.7132037889635211 0.3457527242613535 0.02129434740221221 0.05672277868534721
0 0.39064340179030416 0.6609478452710066 0.036605701704283254 0.03911770459715278
1 0.10830382914156296 0.28251959963940965 0.016006829545304767 0.02223867591180557
0 0.711859071834667 0.0221816484623261 0.03520684293798535 0.0443632969246522
1 0.7245503920477763 0.3220606511230897 0.013072744317956974 0.03310344072944442
1 0.34102127719569364 0.5957235419843747 0.016415932629559826 0.045676175911805575
0 0.06364016558672655 0.33588164219246525 0.03879944724005646 0.030578505983923598
0 0.377313333202048 0.5745745873872219 0.028943206168510205 0.047529616641250175
0 0.4065723648586732 0.6879097355636107 0.03666024878218401 0.04224270459715278