0 0.69453125 0.140625 0.01875 0.025
1 0.696875 0.15078125 0.0125 0.01171875
0 0.2890625 0.52421875 0.01328125 0.04609375
0 0.66015625 0.3390625 0.03984375 0.01796875
0 0.32421875 0.55 0.01171875 0.0484375
0 0.4546875 0.51796875 0.0296875 0.02734375
0 0.30625 0.50078125 0.01640625 0.03671875
0 0.15703125 0.51484375 0.0375 0.0265625
0 0.8375 0.2078125 0.03046875 0.01953125
0 0.17265625 0.565625 0.03046875 0.03046875
0 0.3765625 0.63515625 0.01171875 0.0546875
1 0.278125 0.53125 0.0078125 0.03359375
0 0.68125 0.4265625 0.0390625 0.028125
0 0.71953125 0.1125 0.01953125 0.01484375
1 0.67109375 0.33984375 0.0109375 0.01171875
1 0.68828125 0.43125 0.02109375 0.0140625