0 0.26875 0.3703125 0.0171875 0.0625
1 0.25390625 0.371875 0.0109375 0.04375
0 0.3890625 0.34453125 0.0328125 0.0390625
0 0.07421875 0.303125 0.04296875 0.028125
0 0.3109375 0.41328125 0.01328125 0.0640625
0 0.0890625 0.38828125 0.03828125 0.0234375
1 0.3 0.37265625 0.015625 0.05390625
0 0.68046875 0.15859375 0.03828125 0.02421875
0 0.36796875 0.5015625 0.0125 0.06875
0 0.65078125 0.02265625 0.0234375 0.0453125
1 0.6671875 0.0265625 0.02578125 0.01875
1 0.09296875 0.303125 0.021875 0.01171875
1 0.69296875 0.16328125 0.021875 0.0171875