0 0.040625 0.36640625 0.03984375 0.0359375
0 0.646875 0.23984375 0.0296875 0.04296875
0 0.040625 0.45859375 0.03515625 0.034375
0 0.62890625 0.05078125 0.015625 0.06328125
0 0.34609375 0.49140625 0.01640625 0.06015625
0 0.3109375 0.559375 0.0171875 0.065625
1 0.25859375 0.50625 0.0109375 0.05
1 0.640625 0.07890625 0.01015625 0.03984375
0 0.271875 0.509375 0.0140625 0.06484375
1 0.0578125 0.384375 0.015625 0.0203125
0 0.3609375 0.62265625 0.0296875 0.0546875
1 0.309375 0.51953125 0.01171875 0.04609375
1 0.6625 0.228125 0.015625 0.0203125