0 0.15078125 0.821875 0.021875 0.03203125
1 0.1625 0.8234375 0.01015625 0.02109375
0 0.434375 0.73984375 0.03359375 0.0234375
0 0.5015625 0.72890625 0.015625 0.03203125
0 0.53828125 0.70078125 0.02265625 0.0171875
1 0.50078125 0.72578125 0.01015625 0.01796875
0 0.77578125 0.575 0.015625 0.021875
0 0.6046875 0.546875 0.00625 0.0265625
0 0.3859375 0.57109375 0.01484375 0.01796875
0 0.3625 0.565625 0.0125 0.0140625
0 0.30234375 0.49765625 0.015625 0.01484375
0 0.3046875 0.4859375 0.01328125 0.0125
0 0.18359375 0.52734375 0.0109375 0.01796875
0 0.0859375 0.55546875 0.01796875 0.01328125