0 0.07265625 0.31953125 0.03359375 0.05703125
0 0.3296875 0.63984375 0.02109375 0.0609375
0 0.3734375 0.69375 0.0359375 0.034375
1 0.69765625 0.09375 0.025 0.01796875
1 0.09375 0.340625 0.00859375 0.01640625
0 0.68125 0.390625 0.0234375 0.05625
0 0.68125 0.08828125 0.0328125 0.02890625
1 0.38203125 0.66484375 0.01015625 0.04609375
1 0.69609375 0.365625 0.00859375 0.0171875
0 0.3875 0.72265625 0.03671875 0.04140625
0 0.36015625 0.61015625 0.03515625 0.03671875
0 0.053125 0.39453125 0.0375 0.03203125
0 0.9203125 0.01015625 0.0390625 0.01953125
1 0.31875 0.62734375 0.01484375 0.0421875