0 0.05078125 0.375 0.0421875 0.04140625
1 0.30625 0.49453125 0.01484375 0.05234375
1 0.06875 0.38125 0.02265625 0.01640625
1 0.64375 0.0859375 0.015625 0.0453125
0 0.634375 0.07109375 0.0140625 0.06953125
0 0.26953125 0.48671875 0.015625 0.0625
1 0.25625 0.484375 0.0125 0.046875
0 0.3625 0.60703125 0.01875 0.0640625
0 0.35703125 0.4625 0.02109375 0.06015625
0 0.05546875 0.46328125 0.040625 0.03984375
0 0.66015625 0.234375 0.03671875 0.0359375
0 0.31015625 0.51875 0.01796875 0.09453125
1 0.67109375 0.2265625 0.021875 0.01171875