0 0.31171875 0.5671875 0.01484375 0.0640625
0 0.0359375 0.28515625 0.0390625 0.04765625
0 0.64609375 0.28515625 0.02890625 0.04453125
1 0.66171875 0.08515625 0.01328125 0.0390625
1 0.059375 0.2984375 0.0109375 0.0203125
0 0.6453125 0.05703125 0.021875 0.05546875
1 0.6640625 0.27109375 0.00625 0.01171875
0 0.271875 0.50625 0.01015625 0.0640625
1 0.2625 0.4984375 0.00703125 0.0484375
0 0.34765625 0.62734375 0.0359375 0.04296875
0 0.02734375 0.37265625 0.03359375 0.046875
0 0.33671875 0.509375 0.0265625 0.05390625
1 0.30859375 0.52578125 0.01171875 0.04609375